# BEGIN PLOT
LegendOnly=//data/petr/main_analysis/jet-analysis/900/900.yoda/MC_DIJET_PB/FastJets04PtLam
XLabel=$N$
LineColor=green
YLabel=Number of events (normalized)
DrawOnly=//data/petr/main_analysis/jet-analysis/900/900.yoda/MC_DIJET_PB/FastJets04PtLam
Title=$\lambda_{p_{T}^{D}}$ of FastJets R = 0.4, no cut
Legend=1
LogY=0
# END PLOT

# BEGIN HISTO1D //data/petr/main_analysis/jet-analysis/900/900.yoda/MC_DIJET_PB/FastJets04PtLam
LineColor=red
LineStyle=solid
Path=//data/petr/main_analysis/jet-analysis/900/900.yoda/MC_DIJET_PB/FastJets04PtLam
ScaledBy=2.39509484575589202e-05
Title=900
XLabel=
YLabel=
# xlow	 xhigh	 val	 errminus	 errplus
0.000000e+00	4.000000e-03	0.000000e+00	0.000000e+00	0.000000e+00
4.000000e-03	8.000000e-03	0.000000e+00	0.000000e+00	0.000000e+00
8.000000e-03	1.200000e-02	0.000000e+00	0.000000e+00	0.000000e+00
1.200000e-02	1.600000e-02	0.000000e+00	0.000000e+00	0.000000e+00
1.600000e-02	2.000000e-02	0.000000e+00	0.000000e+00	0.000000e+00
2.000000e-02	2.400000e-02	0.000000e+00	0.000000e+00	0.000000e+00
2.400000e-02	2.800000e-02	0.000000e+00	0.000000e+00	0.000000e+00
2.800000e-02	3.200000e-02	0.000000e+00	0.000000e+00	0.000000e+00
3.200000e-02	3.600000e-02	1.796321e-02	1.037107e-02	1.037107e-02
3.600000e-02	4.000000e-02	2.993870e-02	1.338899e-02	1.338899e-02
4.000000e-02	4.400000e-02	1.137670e-01	2.609994e-02	2.609994e-02
4.400000e-02	4.800000e-02	2.215462e-01	3.642198e-02	3.642198e-02
4.800000e-02	5.200000e-02	4.909945e-01	5.422127e-02	5.422127e-02
5.200000e-02	5.600000e-02	7.963690e-01	6.905395e-02	6.905395e-02
5.600000e-02	6.000000e-02	1.347241e+00	8.981606e-02	8.981606e-02
6.000000e-02	6.400000e-02	2.101696e+00	1.121802e-01	1.121802e-01
6.400000e-02	6.800000e-02	2.610655e+00	1.250276e-01	1.250276e-01
6.800000e-02	7.200000e-02	3.227390e+00	1.390135e-01	1.390135e-01
7.200000e-02	7.600000e-02	3.640545e+00	1.476436e-01	1.476436e-01
7.600000e-02	8.000000e-02	4.466852e+00	1.635431e-01	1.635431e-01
8.000000e-02	8.400000e-02	4.868030e+00	1.707293e-01	1.707293e-01
8.400000e-02	8.800000e-02	5.568595e+00	1.826015e-01	1.826015e-01
8.800000e-02	9.200000e-02	6.143420e+00	1.917946e-01	1.917946e-01
9.200000e-02	9.600000e-02	6.245210e+00	1.933770e-01	1.933770e-01
9.600000e-02	1.000000e-01	6.526635e+00	1.976860e-01	1.976860e-01
1.000000e-01	1.040000e-01	6.598488e+00	1.987712e-01	1.987712e-01
1.040000e-01	1.080000e-01	6.993677e+00	2.046370e-01	2.046370e-01
1.080000e-01	1.120000e-01	6.766142e+00	2.012806e-01	2.012806e-01
1.120000e-01	1.160000e-01	6.921825e+00	2.035830e-01	2.035830e-01
1.160000e-01	1.200000e-01	7.119420e+00	2.064684e-01	2.064684e-01
1.200000e-01	1.240000e-01	6.778117e+00	2.014586e-01	2.014586e-01
1.240000e-01	1.280000e-01	7.107445e+00	2.062947e-01	2.062947e-01
1.280000e-01	1.320000e-01	6.029652e+00	1.900104e-01	1.900104e-01
1.320000e-01	1.360000e-01	6.418855e+00	1.960470e-01	1.960470e-01
1.360000e-01	1.400000e-01	6.077552e+00	1.907637e-01	1.907637e-01
1.400000e-01	1.440000e-01	6.167370e+00	1.921681e-01	1.921681e-01
1.440000e-01	1.480000e-01	6.059590e+00	1.904816e-01	1.904816e-01
1.480000e-01	1.520000e-01	5.478780e+00	1.811229e-01	1.811229e-01
1.520000e-01	1.560000e-01	5.335075e+00	1.787317e-01	1.787317e-01
1.560000e-01	1.600000e-01	5.203342e+00	1.765113e-01	1.765113e-01
1.600000e-01	1.640000e-01	5.005747e+00	1.731274e-01	1.731274e-01
1.640000e-01	1.680000e-01	4.610557e+00	1.661530e-01	1.661530e-01
1.680000e-01	1.720000e-01	4.586608e+00	1.657208e-01	1.657208e-01
1.720000e-01	1.760000e-01	4.299195e+00	1.604445e-01	1.604445e-01
1.760000e-01	1.800000e-01	3.898017e+00	1.527753e-01	1.527753e-01
1.800000e-01	1.840000e-01	3.945917e+00	1.537112e-01	1.537112e-01
1.840000e-01	1.880000e-01	3.628567e+00	1.474005e-01	1.474005e-01
1.880000e-01	1.920000e-01	3.682457e+00	1.484911e-01	1.484911e-01
1.920000e-01	1.960000e-01	3.263317e+00	1.397851e-01	1.397851e-01
1.960000e-01	2.000000e-01	3.466900e+00	1.440794e-01	1.440794e-01
2.000000e-01	2.040000e-01	3.077698e+00	1.357514e-01	1.357514e-01
2.040000e-01	2.080000e-01	3.029795e+00	1.346908e-01	1.346908e-01
2.080000e-01	2.120000e-01	2.646580e+00	1.258850e-01	1.258850e-01
2.120000e-01	2.160000e-01	2.592690e+00	1.245967e-01	1.245967e-01
2.160000e-01	2.200000e-01	2.389108e+00	1.196049e-01	1.196049e-01
2.200000e-01	2.240000e-01	2.299291e+00	1.173352e-01	1.173352e-01
2.240000e-01	2.280000e-01	2.233426e+00	1.156424e-01	1.156424e-01
2.280000e-01	2.320000e-01	2.401082e+00	1.199043e-01	1.199043e-01
2.320000e-01	2.360000e-01	1.928051e+00	1.074461e-01	1.074461e-01
2.360000e-01	2.400000e-01	2.035830e+00	1.104084e-01	1.104084e-01
2.400000e-01	2.440000e-01	1.910088e+00	1.069444e-01	1.069444e-01
2.440000e-01	2.480000e-01	1.652615e+00	9.947575e-02	9.947575e-02
2.480000e-01	2.520000e-01	1.562799e+00	9.673485e-02	9.673485e-02
2.520000e-01	2.560000e-01	1.592738e+00	9.765705e-02	9.765705e-02
2.560000e-01	2.600000e-01	1.718480e+00	1.014387e-01	1.014387e-01
2.600000e-01	2.640000e-01	1.455020e+00	9.333957e-02	9.333957e-02
2.640000e-01	2.680000e-01	1.461008e+00	9.353145e-02	9.353145e-02
2.680000e-01	2.720000e-01	1.293351e+00	8.800138e-02	8.800138e-02
2.720000e-01	2.760000e-01	1.293351e+00	8.800138e-02	8.800138e-02
2.760000e-01	2.800000e-01	1.287363e+00	8.779746e-02	8.779746e-02
2.800000e-01	2.840000e-01	1.125695e+00	8.209971e-02	8.209971e-02
2.840000e-01	2.880000e-01	1.131682e+00	8.231775e-02	8.231775e-02
2.880000e-01	2.920000e-01	9.760012e-01	7.644630e-02	7.644630e-02
2.920000e-01	2.960000e-01	8.622340e-01	7.185284e-02	7.185284e-02
2.960000e-01	3.000000e-01	7.903812e-01	6.879385e-02	6.879385e-02
3.000000e-01	3.040000e-01	7.963690e-01	6.905396e-02	6.905396e-02
3.040000e-01	3.080000e-01	8.742095e-01	7.235010e-02	7.235010e-02
3.080000e-01	3.120000e-01	9.161237e-01	7.406421e-02	7.406421e-02
3.120000e-01	3.160000e-01	7.305040e-01	6.613673e-02	6.613673e-02
3.160000e-01	3.200000e-01	7.604427e-01	6.747837e-02	6.747837e-02
3.200000e-01	3.240000e-01	7.604425e-01	6.747837e-02	6.747837e-02
3.240000e-01	3.280000e-01	6.945775e-01	6.448990e-02	6.448990e-02
3.280000e-01	3.320000e-01	5.808105e-01	5.897237e-02	5.897237e-02
3.320000e-01	3.360000e-01	6.586510e-01	6.279993e-02	6.279993e-02
3.360000e-01	3.400000e-01	5.209332e-01	5.584989e-02	5.584989e-02
3.400000e-01	3.440000e-01	5.508720e-01	5.743236e-02	5.743236e-02
3.440000e-01	3.480000e-01	5.448840e-01	5.711937e-02	5.711937e-02
3.480000e-01	3.520000e-01	5.149455e-01	5.552799e-02	5.552799e-02
3.520000e-01	3.560000e-01	5.448840e-01	5.711937e-02	5.711937e-02
3.560000e-01	3.600000e-01	4.550680e-01	5.219988e-02	5.219988e-02
3.600000e-01	3.640000e-01	4.730312e-01	5.322017e-02	5.322017e-02
3.640000e-01	3.680000e-01	4.490802e-01	5.185532e-02	5.185532e-02
3.680000e-01	3.720000e-01	3.053745e-01	4.276099e-02	4.276099e-02
3.720000e-01	3.760000e-01	4.191415e-01	5.009701e-02	5.009701e-02
3.760000e-01	3.800000e-01	3.712397e-01	4.714749e-02	4.714749e-02
3.800000e-01	3.840000e-01	3.652520e-01	4.676572e-02	4.676572e-02
3.840000e-01	3.880000e-01	2.933990e-01	4.191416e-02	4.191416e-02
3.880000e-01	3.920000e-01	3.772275e-01	4.752619e-02	4.752619e-02
3.920000e-01	3.960000e-01	3.472887e-01	4.560125e-02	4.560125e-02
3.960000e-01	4.000000e-01	3.353132e-01	4.480812e-02	4.480812e-02
4.000000e-01	4.040000e-01	2.574727e-01	3.926422e-02	3.926422e-02
4.040000e-01	4.080000e-01	2.874115e-01	4.148426e-02	4.148426e-02
4.080000e-01	4.120000e-01	2.454972e-01	3.834022e-02	3.834022e-02
4.120000e-01	4.160000e-01	2.155586e-01	3.592643e-02	3.592643e-02
4.160000e-01	4.200000e-01	2.275341e-01	3.691089e-02	3.691089e-02
4.200000e-01	4.240000e-01	2.694480e-01	4.016696e-02	4.016696e-02
4.240000e-01	4.280000e-01	2.335217e-01	3.739341e-02	3.739341e-02
4.280000e-01	4.320000e-01	2.395095e-01	3.786978e-02	3.786978e-02
4.320000e-01	4.360000e-01	3.293257e-01	4.440625e-02	4.440625e-02
4.360000e-01	4.400000e-01	2.275340e-01	3.691089e-02	3.691089e-02
4.400000e-01	4.440000e-01	1.975953e-01	3.439693e-02	3.439693e-02
4.440000e-01	4.480000e-01	1.317302e-01	2.808497e-02	2.808497e-02
4.480000e-01	4.520000e-01	2.215463e-01	3.642198e-02	3.642198e-02
4.520000e-01	4.560000e-01	1.916076e-01	3.387175e-02	3.387175e-02
4.560000e-01	4.600000e-01	1.856198e-01	3.333831e-02	3.333831e-02
4.600000e-01	4.640000e-01	1.856198e-01	3.333831e-02	3.333831e-02
4.640000e-01	4.680000e-01	1.257425e-01	2.743925e-02	2.743925e-02
4.680000e-01	4.720000e-01	2.155585e-01	3.592643e-02	3.592643e-02
4.720000e-01	4.760000e-01	1.556811e-01	3.053158e-02	3.053158e-02
4.760000e-01	4.800000e-01	1.137670e-01	2.609994e-02	2.609994e-02
4.800000e-01	4.840000e-01	1.317302e-01	2.808497e-02	2.808497e-02
4.840000e-01	4.880000e-01	1.137670e-01	2.609994e-02	2.609994e-02
4.880000e-01	4.920000e-01	1.496934e-01	2.993869e-02	2.993869e-02
4.920000e-01	4.960000e-01	1.017915e-01	2.468807e-02	2.468807e-02
4.960000e-01	5.000000e-01	8.382832e-02	2.240406e-02	2.240406e-02
5.000000e-01	5.040000e-01	8.981605e-02	2.319040e-02	2.319040e-02
5.040000e-01	5.080000e-01	1.317302e-01	2.808497e-02	2.808497e-02
5.080000e-01	5.120000e-01	1.017915e-01	2.468807e-02	2.468807e-02
5.120000e-01	5.160000e-01	1.137670e-01	2.609994e-02	2.609994e-02
5.160000e-01	5.200000e-01	1.077793e-01	2.540381e-02	2.540381e-02
5.200000e-01	5.240000e-01	8.981605e-02	2.319040e-02	2.319040e-02
5.240000e-01	5.280000e-01	1.197547e-01	2.677798e-02	2.677798e-02
5.280000e-01	5.320000e-01	2.993870e-02	1.338899e-02	1.338899e-02
5.320000e-01	5.360000e-01	7.185285e-02	2.074213e-02	2.074213e-02
5.360000e-01	5.400000e-01	1.017915e-01	2.468807e-02	2.468807e-02
5.400000e-01	5.440000e-01	5.987737e-02	1.893489e-02	1.893489e-02
5.440000e-01	5.480000e-01	1.017915e-01	2.468807e-02	2.468807e-02
5.480000e-01	5.520000e-01	7.185285e-02	2.074213e-02	2.074213e-02
5.520000e-01	5.560000e-01	6.586510e-02	1.985908e-02	1.985908e-02
5.560000e-01	5.600000e-01	9.580380e-02	2.395095e-02	2.395095e-02
5.600000e-01	5.640000e-01	8.382833e-02	2.240406e-02	2.240406e-02
5.640000e-01	5.680000e-01	7.185285e-02	2.074213e-02	2.074213e-02
5.680000e-01	5.720000e-01	4.191417e-02	1.584206e-02	1.584206e-02
5.720000e-01	5.760000e-01	4.790190e-02	1.693588e-02	1.693588e-02
5.760000e-01	5.800000e-01	5.987737e-02	1.893489e-02	1.893489e-02
5.800000e-01	5.840000e-01	5.388965e-02	1.796321e-02	1.796321e-02
5.840000e-01	5.880000e-01	5.987737e-02	1.893489e-02	1.893489e-02
5.880000e-01	5.920000e-01	2.993870e-02	1.338899e-02	1.338899e-02
5.920000e-01	5.960000e-01	5.388962e-02	1.796321e-02	1.796321e-02
5.960000e-01	6.000000e-01	5.987737e-02	1.893489e-02	1.893489e-02
6.000000e-01	6.040000e-01	4.191417e-02	1.584206e-02	1.584206e-02
6.040000e-01	6.080000e-01	2.993870e-02	1.338899e-02	1.338899e-02
6.080000e-01	6.120000e-01	2.395095e-02	1.197547e-02	1.197547e-02
6.120000e-01	6.160000e-01	5.388962e-02	1.796321e-02	1.796321e-02
6.160000e-01	6.200000e-01	2.395095e-02	1.197547e-02	1.197547e-02
6.200000e-01	6.240000e-01	1.197547e-02	8.467940e-03	8.467940e-03
6.240000e-01	6.280000e-01	5.987737e-02	1.893489e-02	1.893489e-02
6.280000e-01	6.320000e-01	2.395095e-02	1.197547e-02	1.197547e-02
6.320000e-01	6.360000e-01	2.993870e-02	1.338899e-02	1.338899e-02
6.360000e-01	6.400000e-01	4.191417e-02	1.584206e-02	1.584206e-02
6.400000e-01	6.440000e-01	1.796321e-02	1.037107e-02	1.037107e-02
6.440000e-01	6.480000e-01	5.987737e-03	5.987737e-03	5.987737e-03
6.480000e-01	6.520000e-01	4.191415e-02	1.584206e-02	1.584206e-02
6.520000e-01	6.560000e-01	1.197547e-02	8.467940e-03	8.467940e-03
6.560000e-01	6.600000e-01	2.395095e-02	1.197547e-02	1.197547e-02
6.600000e-01	6.640000e-01	1.796322e-02	1.037107e-02	1.037107e-02
6.640000e-01	6.680000e-01	1.796321e-02	1.037107e-02	1.037107e-02
6.680000e-01	6.720000e-01	2.395095e-02	1.197547e-02	1.197547e-02
6.720000e-01	6.760000e-01	1.796321e-02	1.037107e-02	1.037107e-02
6.760000e-01	6.800000e-01	1.197547e-02	8.467940e-03	8.467940e-03
6.800000e-01	6.840000e-01	5.987737e-03	5.987737e-03	5.987737e-03
6.840000e-01	6.880000e-01	1.197548e-02	8.467940e-03	8.467940e-03
6.880000e-01	6.920000e-01	2.395095e-02	1.197547e-02	1.197547e-02
6.920000e-01	6.960000e-01	2.993870e-02	1.338899e-02	1.338899e-02
6.960000e-01	7.000000e-01	5.987737e-03	5.987737e-03	5.987737e-03
7.000000e-01	7.040000e-01	1.197547e-02	8.467940e-03	8.467940e-03
7.040000e-01	7.080000e-01	1.796322e-02	1.037107e-02	1.037107e-02
7.080000e-01	7.120000e-01	0.000000e+00	0.000000e+00	0.000000e+00
7.120000e-01	7.160000e-01	1.197547e-02	8.467940e-03	8.467940e-03
7.160000e-01	7.200000e-01	1.197547e-02	8.467940e-03	8.467940e-03
7.200000e-01	7.240000e-01	1.796322e-02	1.037107e-02	1.037107e-02
7.240000e-01	7.280000e-01	1.197547e-02	8.467940e-03	8.467940e-03
7.280000e-01	7.320000e-01	5.987737e-03	5.987737e-03	5.987737e-03
7.320000e-01	7.360000e-01	5.987737e-03	5.987737e-03	5.987737e-03
7.360000e-01	7.400000e-01	0.000000e+00	0.000000e+00	0.000000e+00
7.400000e-01	7.440000e-01	5.987737e-03	5.987737e-03	5.987737e-03
7.440000e-01	7.480000e-01	1.796321e-02	1.037107e-02	1.037107e-02
7.480000e-01	7.520000e-01	0.000000e+00	0.000000e+00	0.000000e+00
7.520000e-01	7.560000e-01	5.987737e-03	5.987737e-03	5.987737e-03
7.560000e-01	7.600000e-01	5.987737e-03	5.987737e-03	5.987737e-03
7.600000e-01	7.640000e-01	1.197547e-02	8.467940e-03	8.467940e-03
7.640000e-01	7.680000e-01	0.000000e+00	0.000000e+00	0.000000e+00
7.680000e-01	7.720000e-01	5.987737e-03	5.987737e-03	5.987737e-03
7.720000e-01	7.760000e-01	0.000000e+00	0.000000e+00	0.000000e+00
7.760000e-01	7.800000e-01	1.796322e-02	1.037107e-02	1.037107e-02
7.800000e-01	7.840000e-01	0.000000e+00	0.000000e+00	0.000000e+00
7.840000e-01	7.880000e-01	0.000000e+00	0.000000e+00	0.000000e+00
7.880000e-01	7.920000e-01	0.000000e+00	0.000000e+00	0.000000e+00
7.920000e-01	7.960000e-01	0.000000e+00	0.000000e+00	0.000000e+00
7.960000e-01	8.000000e-01	1.796321e-02	1.037107e-02	1.037107e-02
8.000000e-01	8.040000e-01	0.000000e+00	0.000000e+00	0.000000e+00
8.040000e-01	8.080000e-01	1.197547e-02	8.467940e-03	8.467940e-03
8.080000e-01	8.120000e-01	0.000000e+00	0.000000e+00	0.000000e+00
8.120000e-01	8.160000e-01	2.395095e-02	1.197547e-02	1.197547e-02
8.160000e-01	8.200000e-01	0.000000e+00	0.000000e+00	0.000000e+00
8.200000e-01	8.240000e-01	1.796321e-02	1.037107e-02	1.037107e-02
8.240000e-01	8.280000e-01	0.000000e+00	0.000000e+00	0.000000e+00
8.280000e-01	8.320000e-01	1.197547e-02	8.467940e-03	8.467940e-03
8.320000e-01	8.360000e-01	5.987737e-03	5.987737e-03	5.987737e-03
8.360000e-01	8.400000e-01	5.987737e-03	5.987737e-03	5.987737e-03
8.400000e-01	8.440000e-01	5.987737e-03	5.987737e-03	5.987737e-03
8.440000e-01	8.480000e-01	5.987737e-03	5.987737e-03	5.987737e-03
8.480000e-01	8.520000e-01	0.000000e+00	0.000000e+00	0.000000e+00
8.520000e-01	8.560000e-01	0.000000e+00	0.000000e+00	0.000000e+00
8.560000e-01	8.600000e-01	0.000000e+00	0.000000e+00	0.000000e+00
8.600000e-01	8.640000e-01	5.987737e-03	5.987737e-03	5.987737e-03
8.640000e-01	8.680000e-01	0.000000e+00	0.000000e+00	0.000000e+00
8.680000e-01	8.720000e-01	0.000000e+00	0.000000e+00	0.000000e+00
8.720000e-01	8.760000e-01	5.987737e-03	5.987737e-03	5.987737e-03
8.760000e-01	8.800000e-01	0.000000e+00	0.000000e+00	0.000000e+00
8.800000e-01	8.840000e-01	0.000000e+00	0.000000e+00	0.000000e+00
8.840000e-01	8.880000e-01	5.987737e-03	5.987737e-03	5.987737e-03
8.880000e-01	8.920000e-01	5.987737e-03	5.987737e-03	5.987737e-03
8.920000e-01	8.960000e-01	0.000000e+00	0.000000e+00	0.000000e+00
8.960000e-01	9.000000e-01	0.000000e+00	0.000000e+00	0.000000e+00
9.000000e-01	9.040000e-01	5.987737e-03	5.987737e-03	5.987737e-03
9.040000e-01	9.080000e-01	5.987737e-03	5.987737e-03	5.987737e-03
9.080000e-01	9.120000e-01	0.000000e+00	0.000000e+00	0.000000e+00
9.120000e-01	9.160000e-01	5.987737e-03	5.987737e-03	5.987737e-03
9.160000e-01	9.200000e-01	5.987737e-03	5.987737e-03	5.987737e-03
9.200000e-01	9.240000e-01	1.796321e-02	1.037107e-02	1.037107e-02
9.240000e-01	9.280000e-01	5.987737e-03	5.987737e-03	5.987737e-03
9.280000e-01	9.320000e-01	5.987737e-03	5.987737e-03	5.987737e-03
9.320000e-01	9.360000e-01	0.000000e+00	0.000000e+00	0.000000e+00
9.360000e-01	9.400000e-01	0.000000e+00	0.000000e+00	0.000000e+00
9.400000e-01	9.440000e-01	5.987737e-03	5.987737e-03	5.987737e-03
9.440000e-01	9.480000e-01	0.000000e+00	0.000000e+00	0.000000e+00
9.480000e-01	9.520000e-01	0.000000e+00	0.000000e+00	0.000000e+00
9.520000e-01	9.560000e-01	0.000000e+00	0.000000e+00	0.000000e+00
9.560000e-01	9.600000e-01	0.000000e+00	0.000000e+00	0.000000e+00
9.600000e-01	9.640000e-01	0.000000e+00	0.000000e+00	0.000000e+00
9.640000e-01	9.680000e-01	5.987737e-03	5.987737e-03	5.987737e-03
9.680000e-01	9.720000e-01	1.197547e-02	8.467940e-03	8.467940e-03
9.720000e-01	9.760000e-01	5.987737e-03	5.987737e-03	5.987737e-03
9.760000e-01	9.800000e-01	0.000000e+00	0.000000e+00	0.000000e+00
9.800000e-01	9.840000e-01	0.000000e+00	0.000000e+00	0.000000e+00
9.840000e-01	9.880000e-01	0.000000e+00	0.000000e+00	0.000000e+00
9.880000e-01	9.920000e-01	0.000000e+00	0.000000e+00	0.000000e+00
9.920000e-01	9.960000e-01	0.000000e+00	0.000000e+00	0.000000e+00
9.960000e-01	1.000000e+00	0.000000e+00	0.000000e+00	0.000000e+00
# END HISTO1D

