# BEGIN PLOT
LegendOnly=//data/petr/main_analysis/jet-analysis/900/900.yoda/MC_DIJET_PB/FastJets02PtReclust
XLabel=$\text{P}_{\text{t}}$ [GeV]
LineColor=green
YLabel=Number of events (normalized)
DrawOnly=//data/petr/main_analysis/jet-analysis/900/900.yoda/MC_DIJET_PB/FastJets02PtReclust
Title=All jets, R = 0.2, nocut
Legend=1
LogY=0
# END PLOT

# BEGIN HISTO1D //data/petr/main_analysis/jet-analysis/900/900.yoda/MC_DIJET_PB/FastJets02PtReclust
LineColor=red
LineStyle=solid
Path=//data/petr/main_analysis/jet-analysis/900/900.yoda/MC_DIJET_PB/FastJets02PtReclust
ScaledBy=6.01576129459183053e-05
Title=900
XLabel=
YLabel=
# xlow	 xhigh	 val	 errminus	 errplus
0.000000e+00	4.000000e+00	0.000000e+00	0.000000e+00	0.000000e+00
4.000000e+00	8.000000e+00	0.000000e+00	0.000000e+00	0.000000e+00
8.000000e+00	1.200000e+01	0.000000e+00	0.000000e+00	0.000000e+00
1.200000e+01	1.600000e+01	0.000000e+00	0.000000e+00	0.000000e+00
1.600000e+01	2.000000e+01	6.842928e-03	3.208014e-04	3.208014e-04
2.000000e+01	2.400000e+01	7.623475e-02	1.070759e-03	1.070759e-03
2.400000e+01	2.800000e+01	4.402032e-02	8.136580e-04	8.136580e-04
2.800000e+01	3.200000e+01	3.913253e-02	7.671570e-04	7.671570e-04
3.200000e+01	3.600000e+01	2.813872e-02	6.505303e-04	6.505303e-04
3.600000e+01	4.000000e+01	1.976177e-02	5.451654e-04	5.451654e-04
4.000000e+01	4.400000e+01	1.297901e-02	4.418105e-04	4.418105e-04
4.400000e+01	4.800000e+01	8.196475e-03	3.510984e-04	3.510984e-04
4.800000e+01	5.200000e+01	4.737412e-03	2.669230e-04	2.669230e-04
5.200000e+01	5.600000e+01	3.053000e-03	2.142785e-04	2.142785e-04
5.600000e+01	6.000000e+01	2.240871e-03	1.835793e-04	1.835793e-04
6.000000e+01	6.400000e+01	1.564098e-03	1.533724e-04	1.533724e-04
6.400000e+01	6.800000e+01	9.174035e-04	1.174615e-04	1.174615e-04
6.800000e+01	7.200000e+01	6.466943e-04	9.861995e-05	9.861995e-05
7.200000e+01	7.600000e+01	4.812610e-04	8.507570e-05	8.507570e-05
7.600000e+01	8.000000e+01	2.556698e-04	6.200905e-05	6.200905e-05
8.000000e+01	8.400000e+01	3.459063e-04	7.212644e-05	7.212644e-05
8.400000e+01	8.800000e+01	1.955122e-04	5.422535e-05	5.422535e-05
8.800000e+01	9.200000e+01	3.007880e-05	2.126893e-05	2.126893e-05
9.200000e+01	9.600000e+01	7.519703e-05	3.362913e-05	3.362913e-05
9.600000e+01	1.000000e+02	4.511820e-05	2.604902e-05	2.604902e-05
1.000000e+02	1.040000e+02	3.007880e-05	2.126893e-05	2.126893e-05
1.040000e+02	1.080000e+02	3.007880e-05	2.126893e-05	2.126893e-05
1.080000e+02	1.120000e+02	0.000000e+00	0.000000e+00	0.000000e+00
1.120000e+02	1.160000e+02	1.503940e-05	1.503940e-05	1.503940e-05
1.160000e+02	1.200000e+02	0.000000e+00	0.000000e+00	0.000000e+00
1.200000e+02	1.240000e+02	0.000000e+00	0.000000e+00	0.000000e+00
1.240000e+02	1.280000e+02	1.503941e-05	1.503940e-05	1.503940e-05
1.280000e+02	1.320000e+02	1.503940e-05	1.503940e-05	1.503940e-05
1.320000e+02	1.360000e+02	0.000000e+00	0.000000e+00	0.000000e+00
1.360000e+02	1.400000e+02	0.000000e+00	0.000000e+00	0.000000e+00
1.400000e+02	1.440000e+02	0.000000e+00	0.000000e+00	0.000000e+00
1.440000e+02	1.480000e+02	0.000000e+00	0.000000e+00	0.000000e+00
1.480000e+02	1.520000e+02	0.000000e+00	0.000000e+00	0.000000e+00
1.520000e+02	1.560000e+02	0.000000e+00	0.000000e+00	0.000000e+00
1.560000e+02	1.600000e+02	0.000000e+00	0.000000e+00	0.000000e+00
1.600000e+02	1.640000e+02	0.000000e+00	0.000000e+00	0.000000e+00
1.640000e+02	1.680000e+02	0.000000e+00	0.000000e+00	0.000000e+00
1.680000e+02	1.720000e+02	0.000000e+00	0.000000e+00	0.000000e+00
1.720000e+02	1.760000e+02	0.000000e+00	0.000000e+00	0.000000e+00
1.760000e+02	1.800000e+02	0.000000e+00	0.000000e+00	0.000000e+00
1.800000e+02	1.840000e+02	0.000000e+00	0.000000e+00	0.000000e+00
1.840000e+02	1.880000e+02	0.000000e+00	0.000000e+00	0.000000e+00
1.880000e+02	1.920000e+02	0.000000e+00	0.000000e+00	0.000000e+00
1.920000e+02	1.960000e+02	0.000000e+00	0.000000e+00	0.000000e+00
1.960000e+02	2.000000e+02	0.000000e+00	0.000000e+00	0.000000e+00
# END HISTO1D

