# BEGIN PLOT
LegendOnly=//data/petr/main_analysis/jet-analysis/900/900.yoda/MC_DIJET_PB/FastJets06PtLeading
XLabel=$\text{P}_{\text{t}}$ [GeV]
LineColor=green
YLabel=Number of events (normalized)
DrawOnly=//data/petr/main_analysis/jet-analysis/900/900.yoda/MC_DIJET_PB/FastJets06PtLeading
Title=All jets, R = 0.6, nocut
Legend=1
LogY=0
# END PLOT

# BEGIN HISTO1D //data/petr/main_analysis/jet-analysis/900/900.yoda/MC_DIJET_PB/FastJets06PtLeading
LineColor=red
LineStyle=solid
Path=//data/petr/main_analysis/jet-analysis/900/900.yoda/MC_DIJET_PB/FastJets06PtLeading
ScaledBy=2.22707229076655818e-05
Title=900
XLabel=
YLabel=
# xlow	 xhigh	 val	 errminus	 errplus
0.000000e+00	4.000000e+00	0.000000e+00	0.000000e+00	0.000000e+00
4.000000e+00	8.000000e+00	0.000000e+00	0.000000e+00	0.000000e+00
8.000000e+00	1.200000e+01	0.000000e+00	0.000000e+00	0.000000e+00
1.200000e+01	1.600000e+01	0.000000e+00	0.000000e+00	0.000000e+00
1.600000e+01	2.000000e+01	0.000000e+00	0.000000e+00	0.000000e+00
2.000000e+01	2.400000e+01	4.409602e-02	4.954923e-04	4.954923e-04
2.400000e+01	2.800000e+01	3.538260e-02	4.438458e-04	4.438458e-04
2.800000e+01	3.200000e+01	4.315510e-02	4.901773e-04	4.901773e-04
3.200000e+01	3.600000e+01	3.951383e-02	4.690420e-04	4.690420e-04
3.600000e+01	4.000000e+01	2.955880e-02	4.056773e-04	4.056773e-04
4.000000e+01	4.400000e+01	2.065053e-02	3.390805e-04	3.390805e-04
4.400000e+01	4.800000e+01	1.379671e-02	2.771564e-04	2.771564e-04
4.800000e+01	5.200000e+01	8.757963e-03	2.208201e-04	2.208201e-04
5.200000e+01	5.600000e+01	5.450760e-03	1.742070e-04	1.742070e-04
5.600000e+01	6.000000e+01	3.557748e-03	1.407423e-04	1.407423e-04
6.000000e+01	6.400000e+01	2.132421e-03	1.089617e-04	1.089617e-04
6.400000e+01	6.800000e+01	1.358514e-03	8.696997e-05	8.696997e-05
6.800000e+01	7.200000e+01	8.852613e-04	7.020578e-05	7.020578e-05
7.200000e+01	7.600000e+01	5.344972e-04	5.455191e-05	5.455191e-05
7.600000e+01	8.000000e+01	3.897375e-04	4.658256e-05	4.658256e-05
8.000000e+01	8.400000e+01	2.449780e-04	3.693182e-05	3.693182e-05
8.400000e+01	8.800000e+01	1.336244e-04	2.727595e-05	2.727595e-05
8.800000e+01	9.200000e+01	1.113536e-04	2.489943e-05	2.489943e-05
9.200000e+01	9.600000e+01	8.908290e-05	2.227072e-05	2.227072e-05
9.600000e+01	1.000000e+02	6.124447e-05	1.846591e-05	1.846591e-05
1.000000e+02	1.040000e+02	4.454145e-05	1.574778e-05	1.574778e-05
1.040000e+02	1.080000e+02	2.227072e-05	1.113536e-05	1.113536e-05
1.080000e+02	1.120000e+02	3.340607e-05	1.363798e-05	1.363798e-05
1.120000e+02	1.160000e+02	2.227072e-05	1.113536e-05	1.113536e-05
1.160000e+02	1.200000e+02	0.000000e+00	0.000000e+00	0.000000e+00
1.200000e+02	1.240000e+02	0.000000e+00	0.000000e+00	0.000000e+00
1.240000e+02	1.280000e+02	0.000000e+00	0.000000e+00	0.000000e+00
1.280000e+02	1.320000e+02	0.000000e+00	0.000000e+00	0.000000e+00
1.320000e+02	1.360000e+02	1.113536e-05	7.873890e-06	7.873890e-06
1.360000e+02	1.400000e+02	0.000000e+00	0.000000e+00	0.000000e+00
1.400000e+02	1.440000e+02	0.000000e+00	0.000000e+00	0.000000e+00
1.440000e+02	1.480000e+02	5.567680e-06	5.567681e-06	5.567681e-06
1.480000e+02	1.520000e+02	0.000000e+00	0.000000e+00	0.000000e+00
1.520000e+02	1.560000e+02	0.000000e+00	0.000000e+00	0.000000e+00
1.560000e+02	1.600000e+02	0.000000e+00	0.000000e+00	0.000000e+00
1.600000e+02	1.640000e+02	0.000000e+00	0.000000e+00	0.000000e+00
1.640000e+02	1.680000e+02	0.000000e+00	0.000000e+00	0.000000e+00
1.680000e+02	1.720000e+02	0.000000e+00	0.000000e+00	0.000000e+00
1.720000e+02	1.760000e+02	0.000000e+00	0.000000e+00	0.000000e+00
1.760000e+02	1.800000e+02	0.000000e+00	0.000000e+00	0.000000e+00
1.800000e+02	1.840000e+02	0.000000e+00	0.000000e+00	0.000000e+00
1.840000e+02	1.880000e+02	0.000000e+00	0.000000e+00	0.000000e+00
1.880000e+02	1.920000e+02	0.000000e+00	0.000000e+00	0.000000e+00
1.920000e+02	1.960000e+02	0.000000e+00	0.000000e+00	0.000000e+00
1.960000e+02	2.000000e+02	0.000000e+00	0.000000e+00	0.000000e+00
# END HISTO1D

