# BEGIN PLOT
LegendOnly=//data/petr/main_analysis/jet-analysis/900/900.yoda/MC_DIJET_PB/FastJets10Eta
DrawOnly=//data/petr/main_analysis/jet-analysis/900/900.yoda/MC_DIJET_PB/FastJets10Eta
Title=Pseudorapidity of FastJets10 nocut
LogY=0
XLabel=$\eta$
LineColor=green
YLabel=$1/\sigma \; \mathrm{d}\sigma/\mathrm{d}\eta$
LegendYPos=0.5
Legend=1
# END PLOT

# BEGIN HISTO1D //data/petr/main_analysis/jet-analysis/900/900.yoda/MC_DIJET_PB/FastJets10Eta
LineColor=red
LineStyle=solid
Path=//data/petr/main_analysis/jet-analysis/900/900.yoda/MC_DIJET_PB/FastJets10Eta
ScaledBy=1.01264797318508164e-05
Title=900
XLabel=
YLabel=
# xlow	 xhigh	 val	 errminus	 errplus
-5.000000e+00	-4.800000e+00	0.000000e+00	0.000000e+00	0.000000e+00
-4.800000e+00	-4.600000e+00	0.000000e+00	0.000000e+00	0.000000e+00
-4.600000e+00	-4.400000e+00	0.000000e+00	0.000000e+00	0.000000e+00
-4.400000e+00	-4.200000e+00	0.000000e+00	0.000000e+00	0.000000e+00
-4.200000e+00	-4.000000e+00	0.000000e+00	0.000000e+00	0.000000e+00
-4.000000e+00	-3.800000e+00	0.000000e+00	0.000000e+00	0.000000e+00
-3.800000e+00	-3.600000e+00	0.000000e+00	0.000000e+00	0.000000e+00
-3.600000e+00	-3.400000e+00	0.000000e+00	0.000000e+00	0.000000e+00
-3.400000e+00	-3.200000e+00	0.000000e+00	0.000000e+00	0.000000e+00
-3.200000e+00	-3.000000e+00	0.000000e+00	0.000000e+00	0.000000e+00
-3.000000e+00	-2.800000e+00	0.000000e+00	0.000000e+00	0.000000e+00
-2.800000e+00	-2.600000e+00	0.000000e+00	0.000000e+00	0.000000e+00
-2.600000e+00	-2.400000e+00	0.000000e+00	0.000000e+00	0.000000e+00
-2.400000e+00	-2.200000e+00	0.000000e+00	0.000000e+00	0.000000e+00
-2.200000e+00	-2.000000e+00	0.000000e+00	0.000000e+00	0.000000e+00
-2.000000e+00	-1.800000e+00	0.000000e+00	0.000000e+00	0.000000e+00
-1.800000e+00	-1.600000e+00	0.000000e+00	0.000000e+00	0.000000e+00
-1.600000e+00	-1.400000e+00	1.430871e-01	2.691625e-03	2.691625e-03
-1.400000e+00	-1.200000e+00	3.038957e-01	3.922622e-03	3.922622e-03
-1.200000e+00	-1.000000e+00	3.213639e-01	4.033785e-03	4.033785e-03
-1.000000e+00	-8.000000e-01	3.284524e-01	4.078030e-03	4.078030e-03
-8.000000e-01	-6.000000e-01	3.224777e-01	4.040770e-03	4.040770e-03
-6.000000e-01	-4.000000e-01	3.283005e-01	4.077087e-03	4.077087e-03
-4.000000e-01	-2.000000e-01	3.649583e-01	4.298688e-03	4.298688e-03
-2.000000e-01	0.000000e+00	3.862745e-01	4.422443e-03	4.422443e-03
0.000000e+00	2.000000e-01	3.905277e-01	4.446724e-03	4.446724e-03
2.000000e-01	4.000000e-01	3.556419e-01	4.243467e-03	4.243467e-03
4.000000e-01	6.000000e-01	3.327562e-01	4.104661e-03	4.104661e-03
6.000000e-01	8.000000e-01	3.271359e-01	4.069850e-03	4.069850e-03
8.000000e-01	1.000000e+00	3.327055e-01	4.104349e-03	4.104349e-03
1.000000e+00	1.200000e+00	3.191867e-01	4.020097e-03	4.020097e-03
1.200000e+00	1.400000e+00	2.981742e-01	3.885521e-03	3.885521e-03
1.400000e+00	1.600000e+00	1.450618e-01	2.710134e-03	2.710134e-03
1.600000e+00	1.800000e+00	0.000000e+00	0.000000e+00	0.000000e+00
1.800000e+00	2.000000e+00	0.000000e+00	0.000000e+00	0.000000e+00
2.000000e+00	2.200000e+00	0.000000e+00	0.000000e+00	0.000000e+00
2.200000e+00	2.400000e+00	0.000000e+00	0.000000e+00	0.000000e+00
2.400000e+00	2.600000e+00	0.000000e+00	0.000000e+00	0.000000e+00
2.600000e+00	2.800000e+00	0.000000e+00	0.000000e+00	0.000000e+00
2.800000e+00	3.000000e+00	0.000000e+00	0.000000e+00	0.000000e+00
3.000000e+00	3.200000e+00	0.000000e+00	0.000000e+00	0.000000e+00
3.200000e+00	3.400000e+00	0.000000e+00	0.000000e+00	0.000000e+00
3.400000e+00	3.600000e+00	0.000000e+00	0.000000e+00	0.000000e+00
3.600000e+00	3.800000e+00	0.000000e+00	0.000000e+00	0.000000e+00
3.800000e+00	4.000000e+00	0.000000e+00	0.000000e+00	0.000000e+00
4.000000e+00	4.200000e+00	0.000000e+00	0.000000e+00	0.000000e+00
4.200000e+00	4.400000e+00	0.000000e+00	0.000000e+00	0.000000e+00
4.400000e+00	4.600000e+00	0.000000e+00	0.000000e+00	0.000000e+00
4.600000e+00	4.800000e+00	0.000000e+00	0.000000e+00	0.000000e+00
4.800000e+00	5.000000e+00	0.000000e+00	0.000000e+00	0.000000e+00
# END HISTO1D

