# BEGIN PLOT
LegendOnly=//data/petr/main_analysis/jet-analysis/900/900.yoda/MC_DIJET_PB/FastJets10MassLam
XLabel=$N$
LineColor=green
YLabel=Number of events (normalized)
DrawOnly=//data/petr/main_analysis/jet-analysis/900/900.yoda/MC_DIJET_PB/FastJets10MassLam
Title=$\lambda_{mass}$ of FastJets R = 1.0, no cut
Legend=1
LogY=1
# END PLOT

# BEGIN HISTO1D //data/petr/main_analysis/jet-analysis/900/900.yoda/MC_DIJET_PB/FastJets10MassLam
LineColor=red
LineStyle=solid
Path=//data/petr/main_analysis/jet-analysis/900/900.yoda/MC_DIJET_PB/FastJets10MassLam
ScaledBy=1.01264797318508164e-05
Title=900
XLabel=
YLabel=
# xlow	 xhigh	 val	 errminus	 errplus
0.000000e+00	4.000000e-03	4.050593e-02	1.012648e-02	1.012648e-02
4.000000e-03	8.000000e-03	1.797450e-01	2.133181e-02	2.133181e-02
8.000000e-03	1.200000e-02	3.189840e-01	2.841737e-02	2.841737e-02
1.200000e-02	1.600000e-02	5.949307e-01	3.880900e-02	3.880900e-02
1.600000e-02	2.000000e-02	7.240435e-01	4.281358e-02	4.281358e-02
2.000000e-02	2.400000e-02	9.594840e-01	4.928538e-02	4.928538e-02
2.400000e-02	2.800000e-02	1.253152e+00	5.632498e-02	5.632498e-02
2.800000e-02	3.200000e-02	1.412644e+00	5.980199e-02	5.980199e-02
3.200000e-02	3.600000e-02	1.670869e+00	6.503849e-02	6.503849e-02
3.600000e-02	4.000000e-02	1.913905e+00	6.960805e-02	6.960805e-02
4.000000e-02	4.400000e-02	2.035423e+00	7.178382e-02	7.178382e-02
4.400000e-02	4.800000e-02	2.329090e+00	7.678783e-02	7.678783e-02
4.800000e-02	5.200000e-02	2.245547e+00	7.539808e-02	7.539808e-02
5.200000e-02	5.600000e-02	2.470861e+00	7.909034e-02	7.909034e-02
5.600000e-02	6.000000e-02	2.587315e+00	8.093269e-02	8.093269e-02
6.000000e-02	6.400000e-02	2.822757e+00	8.453490e-02	8.453490e-02
6.400000e-02	6.800000e-02	3.015160e+00	8.736840e-02	8.736840e-02
6.800000e-02	7.200000e-02	3.070855e+00	8.817164e-02	8.817164e-02
7.200000e-02	7.600000e-02	3.192372e+00	8.989925e-02	8.989925e-02
7.600000e-02	8.000000e-02	3.329080e+00	9.180397e-02	9.180397e-02
8.000000e-02	8.400000e-02	3.486040e+00	9.394323e-02	9.394323e-02
8.400000e-02	8.800000e-02	3.511358e+00	9.428371e-02	9.428371e-02
8.800000e-02	9.200000e-02	3.260727e+00	9.085658e-02	9.085658e-02
9.200000e-02	9.600000e-02	3.443002e+00	9.336153e-02	9.336153e-02
9.600000e-02	1.000000e-01	3.503762e+00	9.418171e-02	9.418171e-02
1.000000e-01	1.040000e-01	3.706293e+00	9.686547e-02	9.686547e-02
1.040000e-01	1.080000e-01	3.731607e+00	9.719574e-02	9.719574e-02
1.080000e-01	1.120000e-01	3.878442e+00	9.908954e-02	9.908954e-02
1.120000e-01	1.160000e-01	3.949327e+00	9.999097e-02	9.999097e-02
1.160000e-01	1.200000e-01	4.025275e+00	1.009479e-01	1.009479e-01
1.200000e-01	1.240000e-01	3.680975e+00	9.653409e-02	9.653409e-02
1.240000e-01	1.280000e-01	3.936667e+00	9.983061e-02	9.983061e-02
1.280000e-01	1.320000e-01	3.967047e+00	1.002151e-01	1.002151e-01
1.320000e-01	1.360000e-01	3.888567e+00	9.921882e-02	9.921882e-02
1.360000e-01	1.400000e-01	4.063250e+00	1.014229e-01	1.014229e-01
1.400000e-01	1.440000e-01	3.908820e+00	9.947688e-02	9.947688e-02
1.440000e-01	1.480000e-01	3.721482e+00	9.706377e-02	9.706377e-02
1.480000e-01	1.520000e-01	3.787305e+00	9.791840e-02	9.791840e-02
1.520000e-01	1.560000e-01	3.916415e+00	9.957347e-02	9.957347e-02
1.560000e-01	1.600000e-01	3.951860e+00	1.000230e-01	1.000230e-01
1.600000e-01	1.640000e-01	3.906290e+00	9.944465e-02	9.944465e-02
1.640000e-01	1.680000e-01	3.789835e+00	9.795110e-02	9.795110e-02
1.680000e-01	1.720000e-01	3.815150e+00	9.827773e-02	9.827773e-02
1.720000e-01	1.760000e-01	3.779707e+00	9.782018e-02	9.782018e-02
1.760000e-01	1.800000e-01	3.850595e+00	9.873316e-02	9.873316e-02
1.800000e-01	1.840000e-01	3.536672e+00	9.462300e-02	9.462300e-02
1.840000e-01	1.880000e-01	3.830342e+00	9.847319e-02	9.847319e-02
1.880000e-01	1.920000e-01	3.751860e+00	9.745916e-02	9.745916e-02
1.920000e-01	1.960000e-01	3.711355e+00	9.693161e-02	9.693161e-02
1.960000e-01	2.000000e-01	3.551862e+00	9.482599e-02	9.482599e-02
2.000000e-01	2.040000e-01	3.478448e+00	9.384082e-02	9.384082e-02
2.040000e-01	2.080000e-01	3.584772e+00	9.526430e-02	9.526430e-02
2.080000e-01	2.120000e-01	3.524015e+00	9.445353e-02	9.445353e-02
2.120000e-01	2.160000e-01	3.361990e+00	9.225664e-02	9.225664e-02
2.160000e-01	2.200000e-01	3.283510e+00	9.117346e-02	9.117346e-02
2.200000e-01	2.240000e-01	3.405030e+00	9.284523e-02	9.284523e-02
2.240000e-01	2.280000e-01	3.207562e+00	9.011288e-02	9.011288e-02
2.280000e-01	2.320000e-01	3.225285e+00	9.036146e-02	9.036146e-02
2.320000e-01	2.360000e-01	3.058198e+00	8.798974e-02	8.798974e-02
2.360000e-01	2.400000e-01	3.096172e+00	8.853435e-02	8.853435e-02
2.400000e-01	2.440000e-01	2.921490e+00	8.600058e-02	8.600058e-02
2.440000e-01	2.480000e-01	2.967060e+00	8.666873e-02	8.666873e-02
2.480000e-01	2.520000e-01	2.734150e+00	8.319751e-02	8.319751e-02
2.520000e-01	2.560000e-01	2.873390e+00	8.528969e-02	8.528969e-02
2.560000e-01	2.600000e-01	2.534152e+00	8.009686e-02	8.009686e-02
2.600000e-01	2.640000e-01	2.526557e+00	7.997675e-02	7.997675e-02
2.640000e-01	2.680000e-01	2.539215e+00	8.017684e-02	8.017684e-02
2.680000e-01	2.720000e-01	2.351875e+00	7.716251e-02	7.716251e-02
2.720000e-01	2.760000e-01	2.316432e+00	7.657889e-02	7.657889e-02
2.760000e-01	2.800000e-01	2.217699e+00	7.492911e-02	7.492911e-02
2.800000e-01	2.840000e-01	2.174662e+00	7.419849e-02	7.419849e-02
2.840000e-01	2.880000e-01	2.111371e+00	7.311080e-02	7.311080e-02
2.880000e-01	2.920000e-01	2.025296e+00	7.160502e-02	7.160502e-02
2.920000e-01	2.960000e-01	2.053144e+00	7.209563e-02	7.209563e-02
2.960000e-01	3.000000e-01	1.921499e+00	6.974601e-02	6.974601e-02
3.000000e-01	3.040000e-01	1.739223e+00	6.635549e-02	6.635549e-02
3.040000e-01	3.080000e-01	1.691122e+00	6.543148e-02	6.543148e-02
3.080000e-01	3.120000e-01	1.630363e+00	6.424531e-02	6.424531e-02
3.120000e-01	3.160000e-01	1.567073e+00	6.298596e-02	6.298596e-02
3.160000e-01	3.200000e-01	1.648084e+00	6.459353e-02	6.459353e-02
3.200000e-01	3.240000e-01	1.318974e+00	5.778529e-02	5.778529e-02
3.240000e-01	3.280000e-01	1.245557e+00	5.615405e-02	5.615405e-02
3.280000e-01	3.320000e-01	1.245557e+00	5.615404e-02	5.615404e-02
3.320000e-01	3.360000e-01	1.306316e+00	5.750736e-02	5.750736e-02
3.360000e-01	3.400000e-01	1.141760e+00	5.376341e-02	5.376341e-02
3.400000e-01	3.440000e-01	1.118976e+00	5.322426e-02	5.322426e-02
3.440000e-01	3.480000e-01	1.096191e+00	5.267960e-02	5.267960e-02
3.480000e-01	3.520000e-01	9.417627e-01	4.882812e-02	4.882812e-02
3.520000e-01	3.560000e-01	9.949267e-01	5.018741e-02	5.018741e-02
3.560000e-01	3.600000e-01	7.898655e-01	4.471733e-02	4.471733e-02
3.600000e-01	3.640000e-01	8.480927e-01	4.633625e-02	4.633625e-02
3.640000e-01	3.680000e-01	8.202447e-01	4.556916e-02	4.556916e-02
3.680000e-01	3.720000e-01	7.215117e-01	4.273866e-02	4.273866e-02
3.720000e-01	3.760000e-01	7.291065e-01	4.296301e-02	4.296301e-02
3.760000e-01	3.800000e-01	6.734107e-01	4.128947e-02	4.128947e-02
3.800000e-01	3.840000e-01	6.050572e-01	3.913790e-02	3.913790e-02
3.840000e-01	3.880000e-01	5.898675e-01	3.864350e-02	3.864350e-02
3.880000e-01	3.920000e-01	5.113872e-01	3.598108e-02	3.598108e-02
3.920000e-01	3.960000e-01	4.455652e-01	3.358573e-02	3.358573e-02
3.960000e-01	4.000000e-01	4.607547e-01	3.415342e-02	3.415342e-02
4.000000e-01	4.040000e-01	3.974645e-01	3.172111e-02	3.172111e-02
4.040000e-01	4.080000e-01	3.898695e-01	3.141658e-02	3.141658e-02
4.080000e-01	4.120000e-01	3.999960e-01	3.182197e-02	3.182197e-02
4.120000e-01	4.160000e-01	3.316422e-01	2.897571e-02	2.897571e-02
4.160000e-01	4.200000e-01	2.658200e-01	2.594139e-02	2.594139e-02
4.200000e-01	4.240000e-01	2.911362e-01	2.714860e-02	2.714860e-02
4.240000e-01	4.280000e-01	3.417687e-01	2.941476e-02	2.941476e-02
4.280000e-01	4.320000e-01	2.886045e-01	2.703031e-02	2.703031e-02
4.320000e-01	4.360000e-01	2.582252e-01	2.556811e-02	2.556811e-02
4.360000e-01	4.400000e-01	1.999980e-01	2.250153e-02	2.250153e-02
4.400000e-01	4.440000e-01	2.379723e-01	2.454497e-02	2.454497e-02
4.440000e-01	4.480000e-01	2.025296e-01	2.264350e-02	2.264350e-02
4.480000e-01	4.520000e-01	1.594920e-01	2.009411e-02	2.009411e-02
4.520000e-01	4.560000e-01	2.126561e-01	2.320268e-02	2.320268e-02
4.560000e-01	4.600000e-01	1.873399e-01	2.177782e-02	2.177782e-02
4.600000e-01	4.640000e-01	1.392391e-01	1.877500e-02	1.877500e-02
4.640000e-01	4.680000e-01	1.392391e-01	1.877500e-02	1.877500e-02
4.680000e-01	4.720000e-01	1.392391e-01	1.877500e-02	1.877500e-02
4.720000e-01	4.760000e-01	1.189861e-01	1.735591e-02	1.735591e-02
4.760000e-01	4.800000e-01	1.037964e-01	1.621028e-02	1.621028e-02
4.800000e-01	4.840000e-01	1.012648e-01	1.601137e-02	1.601137e-02
4.840000e-01	4.880000e-01	8.607507e-02	1.476175e-02	1.476175e-02
4.880000e-01	4.920000e-01	5.063240e-02	1.132175e-02	1.132175e-02
4.920000e-01	4.960000e-01	7.341700e-02	1.363319e-02	1.363319e-02
4.960000e-01	5.000000e-01	8.860670e-02	1.497727e-02	1.497727e-02
5.000000e-01	5.040000e-01	5.063240e-02	1.132175e-02	1.132175e-02
5.040000e-01	5.080000e-01	3.544267e-02	9.472453e-03	9.472453e-03
5.080000e-01	5.120000e-01	5.063240e-02	1.132175e-02	1.132175e-02
5.120000e-01	5.160000e-01	4.303755e-02	1.043814e-02	1.043814e-02
5.160000e-01	5.200000e-01	4.303755e-02	1.043814e-02	1.043814e-02
5.200000e-01	5.240000e-01	3.544270e-02	9.472453e-03	9.472453e-03
5.240000e-01	5.280000e-01	2.025296e-02	7.160503e-03	7.160503e-03
5.280000e-01	5.320000e-01	3.797430e-02	9.804922e-03	9.804922e-03
5.320000e-01	5.360000e-01	1.772134e-02	6.698037e-03	6.698037e-03
5.360000e-01	5.400000e-01	1.012648e-02	5.063239e-03	5.063239e-03
5.400000e-01	5.440000e-01	1.012648e-02	5.063241e-03	5.063241e-03
5.440000e-01	5.480000e-01	1.012648e-02	5.063239e-03	5.063239e-03
5.480000e-01	5.520000e-01	1.265810e-02	5.660875e-03	5.660875e-03
5.520000e-01	5.560000e-01	7.594860e-03	4.384895e-03	4.384895e-03
5.560000e-01	5.600000e-01	5.063240e-03	3.580251e-03	3.580251e-03
5.600000e-01	5.640000e-01	0.000000e+00	0.000000e+00	0.000000e+00
5.640000e-01	5.680000e-01	1.012648e-02	5.063239e-03	5.063239e-03
5.680000e-01	5.720000e-01	0.000000e+00	0.000000e+00	0.000000e+00
5.720000e-01	5.760000e-01	5.063240e-03	3.580251e-03	3.580251e-03
5.760000e-01	5.800000e-01	0.000000e+00	0.000000e+00	0.000000e+00
5.800000e-01	5.840000e-01	2.531620e-03	2.531620e-03	2.531620e-03
5.840000e-01	5.880000e-01	2.531620e-03	2.531620e-03	2.531620e-03
5.880000e-01	5.920000e-01	0.000000e+00	0.000000e+00	0.000000e+00
5.920000e-01	5.960000e-01	0.000000e+00	0.000000e+00	0.000000e+00
5.960000e-01	6.000000e-01	0.000000e+00	0.000000e+00	0.000000e+00
6.000000e-01	6.040000e-01	2.531620e-03	2.531620e-03	2.531620e-03
6.040000e-01	6.080000e-01	0.000000e+00	0.000000e+00	0.000000e+00
6.080000e-01	6.120000e-01	0.000000e+00	0.000000e+00	0.000000e+00
6.120000e-01	6.160000e-01	0.000000e+00	0.000000e+00	0.000000e+00
6.160000e-01	6.200000e-01	0.000000e+00	0.000000e+00	0.000000e+00
6.200000e-01	6.240000e-01	0.000000e+00	0.000000e+00	0.000000e+00
6.240000e-01	6.280000e-01	0.000000e+00	0.000000e+00	0.000000e+00
6.280000e-01	6.320000e-01	0.000000e+00	0.000000e+00	0.000000e+00
6.320000e-01	6.360000e-01	0.000000e+00	0.000000e+00	0.000000e+00
6.360000e-01	6.400000e-01	0.000000e+00	0.000000e+00	0.000000e+00
6.400000e-01	6.440000e-01	0.000000e+00	0.000000e+00	0.000000e+00
6.440000e-01	6.480000e-01	0.000000e+00	0.000000e+00	0.000000e+00
6.480000e-01	6.520000e-01	0.000000e+00	0.000000e+00	0.000000e+00
6.520000e-01	6.560000e-01	0.000000e+00	0.000000e+00	0.000000e+00
6.560000e-01	6.600000e-01	0.000000e+00	0.000000e+00	0.000000e+00
6.600000e-01	6.640000e-01	0.000000e+00	0.000000e+00	0.000000e+00
6.640000e-01	6.680000e-01	0.000000e+00	0.000000e+00	0.000000e+00
6.680000e-01	6.720000e-01	0.000000e+00	0.000000e+00	0.000000e+00
6.720000e-01	6.760000e-01	0.000000e+00	0.000000e+00	0.000000e+00
6.760000e-01	6.800000e-01	0.000000e+00	0.000000e+00	0.000000e+00
6.800000e-01	6.840000e-01	0.000000e+00	0.000000e+00	0.000000e+00
6.840000e-01	6.880000e-01	0.000000e+00	0.000000e+00	0.000000e+00
6.880000e-01	6.920000e-01	0.000000e+00	0.000000e+00	0.000000e+00
6.920000e-01	6.960000e-01	0.000000e+00	0.000000e+00	0.000000e+00
6.960000e-01	7.000000e-01	0.000000e+00	0.000000e+00	0.000000e+00
7.000000e-01	7.040000e-01	0.000000e+00	0.000000e+00	0.000000e+00
7.040000e-01	7.080000e-01	0.000000e+00	0.000000e+00	0.000000e+00
7.080000e-01	7.120000e-01	0.000000e+00	0.000000e+00	0.000000e+00
7.120000e-01	7.160000e-01	0.000000e+00	0.000000e+00	0.000000e+00
7.160000e-01	7.200000e-01	0.000000e+00	0.000000e+00	0.000000e+00
7.200000e-01	7.240000e-01	0.000000e+00	0.000000e+00	0.000000e+00
7.240000e-01	7.280000e-01	0.000000e+00	0.000000e+00	0.000000e+00
7.280000e-01	7.320000e-01	0.000000e+00	0.000000e+00	0.000000e+00
7.320000e-01	7.360000e-01	0.000000e+00	0.000000e+00	0.000000e+00
7.360000e-01	7.400000e-01	0.000000e+00	0.000000e+00	0.000000e+00
7.400000e-01	7.440000e-01	0.000000e+00	0.000000e+00	0.000000e+00
7.440000e-01	7.480000e-01	0.000000e+00	0.000000e+00	0.000000e+00
7.480000e-01	7.520000e-01	0.000000e+00	0.000000e+00	0.000000e+00
7.520000e-01	7.560000e-01	0.000000e+00	0.000000e+00	0.000000e+00
7.560000e-01	7.600000e-01	0.000000e+00	0.000000e+00	0.000000e+00
7.600000e-01	7.640000e-01	0.000000e+00	0.000000e+00	0.000000e+00
7.640000e-01	7.680000e-01	0.000000e+00	0.000000e+00	0.000000e+00
7.680000e-01	7.720000e-01	0.000000e+00	0.000000e+00	0.000000e+00
7.720000e-01	7.760000e-01	0.000000e+00	0.000000e+00	0.000000e+00
7.760000e-01	7.800000e-01	0.000000e+00	0.000000e+00	0.000000e+00
7.800000e-01	7.840000e-01	0.000000e+00	0.000000e+00	0.000000e+00
7.840000e-01	7.880000e-01	0.000000e+00	0.000000e+00	0.000000e+00
7.880000e-01	7.920000e-01	0.000000e+00	0.000000e+00	0.000000e+00
7.920000e-01	7.960000e-01	0.000000e+00	0.000000e+00	0.000000e+00
7.960000e-01	8.000000e-01	0.000000e+00	0.000000e+00	0.000000e+00
8.000000e-01	8.040000e-01	0.000000e+00	0.000000e+00	0.000000e+00
8.040000e-01	8.080000e-01	0.000000e+00	0.000000e+00	0.000000e+00
8.080000e-01	8.120000e-01	0.000000e+00	0.000000e+00	0.000000e+00
8.120000e-01	8.160000e-01	0.000000e+00	0.000000e+00	0.000000e+00
8.160000e-01	8.200000e-01	0.000000e+00	0.000000e+00	0.000000e+00
8.200000e-01	8.240000e-01	0.000000e+00	0.000000e+00	0.000000e+00
8.240000e-01	8.280000e-01	0.000000e+00	0.000000e+00	0.000000e+00
8.280000e-01	8.320000e-01	0.000000e+00	0.000000e+00	0.000000e+00
8.320000e-01	8.360000e-01	0.000000e+00	0.000000e+00	0.000000e+00
8.360000e-01	8.400000e-01	0.000000e+00	0.000000e+00	0.000000e+00
8.400000e-01	8.440000e-01	0.000000e+00	0.000000e+00	0.000000e+00
8.440000e-01	8.480000e-01	0.000000e+00	0.000000e+00	0.000000e+00
8.480000e-01	8.520000e-01	0.000000e+00	0.000000e+00	0.000000e+00
8.520000e-01	8.560000e-01	0.000000e+00	0.000000e+00	0.000000e+00
8.560000e-01	8.600000e-01	0.000000e+00	0.000000e+00	0.000000e+00
8.600000e-01	8.640000e-01	0.000000e+00	0.000000e+00	0.000000e+00
8.640000e-01	8.680000e-01	0.000000e+00	0.000000e+00	0.000000e+00
8.680000e-01	8.720000e-01	0.000000e+00	0.000000e+00	0.000000e+00
8.720000e-01	8.760000e-01	0.000000e+00	0.000000e+00	0.000000e+00
8.760000e-01	8.800000e-01	0.000000e+00	0.000000e+00	0.000000e+00
8.800000e-01	8.840000e-01	0.000000e+00	0.000000e+00	0.000000e+00
8.840000e-01	8.880000e-01	0.000000e+00	0.000000e+00	0.000000e+00
8.880000e-01	8.920000e-01	0.000000e+00	0.000000e+00	0.000000e+00
8.920000e-01	8.960000e-01	0.000000e+00	0.000000e+00	0.000000e+00
8.960000e-01	9.000000e-01	0.000000e+00	0.000000e+00	0.000000e+00
9.000000e-01	9.040000e-01	0.000000e+00	0.000000e+00	0.000000e+00
9.040000e-01	9.080000e-01	0.000000e+00	0.000000e+00	0.000000e+00
9.080000e-01	9.120000e-01	0.000000e+00	0.000000e+00	0.000000e+00
9.120000e-01	9.160000e-01	0.000000e+00	0.000000e+00	0.000000e+00
9.160000e-01	9.200000e-01	0.000000e+00	0.000000e+00	0.000000e+00
9.200000e-01	9.240000e-01	0.000000e+00	0.000000e+00	0.000000e+00
9.240000e-01	9.280000e-01	0.000000e+00	0.000000e+00	0.000000e+00
9.280000e-01	9.320000e-01	0.000000e+00	0.000000e+00	0.000000e+00
9.320000e-01	9.360000e-01	0.000000e+00	0.000000e+00	0.000000e+00
9.360000e-01	9.400000e-01	0.000000e+00	0.000000e+00	0.000000e+00
9.400000e-01	9.440000e-01	0.000000e+00	0.000000e+00	0.000000e+00
9.440000e-01	9.480000e-01	0.000000e+00	0.000000e+00	0.000000e+00
9.480000e-01	9.520000e-01	0.000000e+00	0.000000e+00	0.000000e+00
9.520000e-01	9.560000e-01	0.000000e+00	0.000000e+00	0.000000e+00
9.560000e-01	9.600000e-01	0.000000e+00	0.000000e+00	0.000000e+00
9.600000e-01	9.640000e-01	0.000000e+00	0.000000e+00	0.000000e+00
9.640000e-01	9.680000e-01	0.000000e+00	0.000000e+00	0.000000e+00
9.680000e-01	9.720000e-01	0.000000e+00	0.000000e+00	0.000000e+00
9.720000e-01	9.760000e-01	0.000000e+00	0.000000e+00	0.000000e+00
9.760000e-01	9.800000e-01	0.000000e+00	0.000000e+00	0.000000e+00
9.800000e-01	9.840000e-01	0.000000e+00	0.000000e+00	0.000000e+00
9.840000e-01	9.880000e-01	0.000000e+00	0.000000e+00	0.000000e+00
9.880000e-01	9.920000e-01	0.000000e+00	0.000000e+00	0.000000e+00
9.920000e-01	9.960000e-01	0.000000e+00	0.000000e+00	0.000000e+00
9.960000e-01	1.000000e+00	0.000000e+00	0.000000e+00	0.000000e+00
# END HISTO1D

