# BEGIN PLOT
LegendOnly=//data/petr/main_analysis/jet-analysis/900/900.yoda/MC_DIJET_PB/FastJets10Rapidity
DrawOnly=//data/petr/main_analysis/jet-analysis/900/900.yoda/MC_DIJET_PB/FastJets10Rapidity
Title=Rapidity of all FastJets10 nocut
LogY=0
XLabel=$y$
LineColor=green
YLabel=$1/\sigma \; \mathrm{d}\sigma/\mathrm{d}y$
LegendYPos=0.5
Legend=1
# END PLOT

# BEGIN HISTO1D //data/petr/main_analysis/jet-analysis/900/900.yoda/MC_DIJET_PB/FastJets10Rapidity
LineColor=red
LineStyle=solid
Path=//data/petr/main_analysis/jet-analysis/900/900.yoda/MC_DIJET_PB/FastJets10Rapidity
ScaledBy=1.01264797318508164e-05
Title=900
XLabel=
YLabel=
# xlow	 xhigh	 val	 errminus	 errplus
-5.000000e+00	-4.800000e+00	0.000000e+00	0.000000e+00	0.000000e+00
-4.800000e+00	-4.600000e+00	0.000000e+00	0.000000e+00	0.000000e+00
-4.600000e+00	-4.400000e+00	0.000000e+00	0.000000e+00	0.000000e+00
-4.400000e+00	-4.200000e+00	0.000000e+00	0.000000e+00	0.000000e+00
-4.200000e+00	-4.000000e+00	0.000000e+00	0.000000e+00	0.000000e+00
-4.000000e+00	-3.800000e+00	0.000000e+00	0.000000e+00	0.000000e+00
-3.800000e+00	-3.600000e+00	0.000000e+00	0.000000e+00	0.000000e+00
-3.600000e+00	-3.400000e+00	0.000000e+00	0.000000e+00	0.000000e+00
-3.400000e+00	-3.200000e+00	0.000000e+00	0.000000e+00	0.000000e+00
-3.200000e+00	-3.000000e+00	0.000000e+00	0.000000e+00	0.000000e+00
-3.000000e+00	-2.800000e+00	0.000000e+00	0.000000e+00	0.000000e+00
-2.800000e+00	-2.600000e+00	0.000000e+00	0.000000e+00	0.000000e+00
-2.600000e+00	-2.400000e+00	0.000000e+00	0.000000e+00	0.000000e+00
-2.400000e+00	-2.200000e+00	0.000000e+00	0.000000e+00	0.000000e+00
-2.200000e+00	-2.000000e+00	0.000000e+00	0.000000e+00	0.000000e+00
-2.000000e+00	-1.800000e+00	0.000000e+00	0.000000e+00	0.000000e+00
-1.800000e+00	-1.600000e+00	0.000000e+00	0.000000e+00	0.000000e+00
-1.600000e+00	-1.400000e+00	1.430365e-01	2.691149e-03	2.691149e-03
-1.400000e+00	-1.200000e+00	3.039463e-01	3.922949e-03	3.922949e-03
-1.200000e+00	-1.000000e+00	3.213132e-01	4.033467e-03	4.033467e-03
-1.000000e+00	-8.000000e-01	3.284524e-01	4.078030e-03	4.078030e-03
-8.000000e-01	-6.000000e-01	3.224777e-01	4.040770e-03	4.040770e-03
-6.000000e-01	-4.000000e-01	3.283511e-01	4.077401e-03	4.077401e-03
-4.000000e-01	-2.000000e-01	3.649077e-01	4.298389e-03	4.298389e-03
-2.000000e-01	0.000000e+00	3.863252e-01	4.422733e-03	4.422733e-03
0.000000e+00	2.000000e-01	3.906289e-01	4.447300e-03	4.447300e-03
2.000000e-01	4.000000e-01	3.555407e-01	4.242862e-03	4.242862e-03
4.000000e-01	6.000000e-01	3.328574e-01	4.105285e-03	4.105285e-03
6.000000e-01	8.000000e-01	3.271865e-01	4.070164e-03	4.070164e-03
8.000000e-01	1.000000e+00	3.326043e-01	4.103724e-03	4.103724e-03
1.000000e+00	1.200000e+00	3.191360e-01	4.019779e-03	4.019779e-03
1.200000e+00	1.400000e+00	2.983261e-01	3.886511e-03	3.886511e-03
1.400000e+00	1.600000e+00	1.449099e-01	2.708715e-03	2.708715e-03
1.600000e+00	1.800000e+00	0.000000e+00	0.000000e+00	0.000000e+00
1.800000e+00	2.000000e+00	0.000000e+00	0.000000e+00	0.000000e+00
2.000000e+00	2.200000e+00	0.000000e+00	0.000000e+00	0.000000e+00
2.200000e+00	2.400000e+00	0.000000e+00	0.000000e+00	0.000000e+00
2.400000e+00	2.600000e+00	0.000000e+00	0.000000e+00	0.000000e+00
2.600000e+00	2.800000e+00	0.000000e+00	0.000000e+00	0.000000e+00
2.800000e+00	3.000000e+00	0.000000e+00	0.000000e+00	0.000000e+00
3.000000e+00	3.200000e+00	0.000000e+00	0.000000e+00	0.000000e+00
3.200000e+00	3.400000e+00	0.000000e+00	0.000000e+00	0.000000e+00
3.400000e+00	3.600000e+00	0.000000e+00	0.000000e+00	0.000000e+00
3.600000e+00	3.800000e+00	0.000000e+00	0.000000e+00	0.000000e+00
3.800000e+00	4.000000e+00	0.000000e+00	0.000000e+00	0.000000e+00
4.000000e+00	4.200000e+00	0.000000e+00	0.000000e+00	0.000000e+00
4.200000e+00	4.400000e+00	0.000000e+00	0.000000e+00	0.000000e+00
4.400000e+00	4.600000e+00	0.000000e+00	0.000000e+00	0.000000e+00
4.600000e+00	4.800000e+00	0.000000e+00	0.000000e+00	0.000000e+00
4.800000e+00	5.000000e+00	0.000000e+00	0.000000e+00	0.000000e+00
# END HISTO1D

