# BEGIN PLOT
LegendOnly=//data/petr/main_analysis/jet-analysis/900/900.yoda/MC_DIJET_PB/FastJets02E
XLabel=$E$ [GeV]
LineColor=green
YLabel=$1/\sigma \; \mathrm{d}\sigma/\mathrm{d}E$ [GeV$^{-1}$]
DrawOnly=//data/petr/main_analysis/jet-analysis/900/900.yoda/MC_DIJET_PB/FastJets02E
Title=Energy of all particles FastJets02 nocut
Legend=1
LogY=0
# END PLOT

# BEGIN HISTO1D //data/petr/main_analysis/jet-analysis/900/900.yoda/MC_DIJET_PB/FastJets02E
LineColor=red
LineStyle=solid
Path=//data/petr/main_analysis/jet-analysis/900/900.yoda/MC_DIJET_PB/FastJets02E
ScaledBy=6.01576129459183053e-05
Title=900
XLabel=
YLabel=
# xlow	 xhigh	 val	 errminus	 errplus
0.000000e+00	2.000000e+00	0.000000e+00	0.000000e+00	0.000000e+00
2.000000e+00	4.000000e+00	0.000000e+00	0.000000e+00	0.000000e+00
4.000000e+00	6.000000e+00	0.000000e+00	0.000000e+00	0.000000e+00
6.000000e+00	8.000000e+00	0.000000e+00	0.000000e+00	0.000000e+00
8.000000e+00	1.000000e+01	0.000000e+00	0.000000e+00	0.000000e+00
1.000000e+01	1.200000e+01	0.000000e+00	0.000000e+00	0.000000e+00
1.200000e+01	1.400000e+01	0.000000e+00	0.000000e+00	0.000000e+00
1.400000e+01	1.600000e+01	0.000000e+00	0.000000e+00	0.000000e+00
1.600000e+01	1.800000e+01	0.000000e+00	0.000000e+00	0.000000e+00
1.800000e+01	2.000000e+01	0.000000e+00	0.000000e+00	0.000000e+00
2.000000e+01	2.200000e+01	2.207784e-02	8.149081e-04	8.149081e-04
2.200000e+01	2.400000e+01	3.028936e-02	9.544987e-04	9.544987e-04
2.400000e+01	2.600000e+01	2.842447e-02	9.246482e-04	9.246482e-04
2.600000e+01	2.800000e+01	2.773266e-02	9.133265e-04	9.133265e-04
2.800000e+01	3.000000e+01	2.962763e-02	9.440146e-04	9.440146e-04
3.000000e+01	3.200000e+01	2.773266e-02	9.133265e-04	9.133265e-04
3.200000e+01	3.400000e+01	2.550683e-02	8.759081e-04	8.759081e-04
3.400000e+01	3.600000e+01	2.496541e-02	8.665620e-04	8.665620e-04
3.600000e+01	3.800000e+01	2.376225e-02	8.454231e-04	8.454231e-04
3.800000e+01	4.000000e+01	2.075437e-02	7.901055e-04	7.901055e-04
4.000000e+01	4.200000e+01	2.036335e-02	7.826271e-04	7.826271e-04
4.200000e+01	4.400000e+01	2.024303e-02	7.803116e-04	7.803116e-04
4.400000e+01	4.600000e+01	1.885941e-02	7.531723e-04	7.531723e-04
4.600000e+01	4.800000e+01	1.744570e-02	7.243935e-04	7.243935e-04
4.800000e+01	5.000000e+01	1.624255e-02	6.989683e-04	6.989683e-04
# END HISTO1D

