# BEGIN PLOT
LegendOnly=//data/petr/main_analysis/jet-analysis/900/900.yoda/MC_DIJET_PB/FastJets04Eta
DrawOnly=//data/petr/main_analysis/jet-analysis/900/900.yoda/MC_DIJET_PB/FastJets04Eta
Title=Pseudorapidity of FastJets04 nocut
LogY=0
XLabel=$\eta$
LineColor=green
YLabel=$1/\sigma \; \mathrm{d}\sigma/\mathrm{d}\eta$
LegendYPos=0.5
Legend=1
# END PLOT

# BEGIN HISTO1D //data/petr/main_analysis/jet-analysis/900/900.yoda/MC_DIJET_PB/FastJets04Eta
LineColor=red
LineStyle=solid
Path=//data/petr/main_analysis/jet-analysis/900/900.yoda/MC_DIJET_PB/FastJets04Eta
ScaledBy=2.39509484575589202e-05
Title=900
XLabel=
YLabel=
# xlow	 xhigh	 val	 errminus	 errplus
-5.000000e+00	-4.800000e+00	0.000000e+00	0.000000e+00	0.000000e+00
-4.800000e+00	-4.600000e+00	0.000000e+00	0.000000e+00	0.000000e+00
-4.600000e+00	-4.400000e+00	0.000000e+00	0.000000e+00	0.000000e+00
-4.400000e+00	-4.200000e+00	0.000000e+00	0.000000e+00	0.000000e+00
-4.200000e+00	-4.000000e+00	0.000000e+00	0.000000e+00	0.000000e+00
-4.000000e+00	-3.800000e+00	0.000000e+00	0.000000e+00	0.000000e+00
-3.800000e+00	-3.600000e+00	0.000000e+00	0.000000e+00	0.000000e+00
-3.600000e+00	-3.400000e+00	0.000000e+00	0.000000e+00	0.000000e+00
-3.400000e+00	-3.200000e+00	0.000000e+00	0.000000e+00	0.000000e+00
-3.200000e+00	-3.000000e+00	0.000000e+00	0.000000e+00	0.000000e+00
-3.000000e+00	-2.800000e+00	0.000000e+00	0.000000e+00	0.000000e+00
-2.800000e+00	-2.600000e+00	0.000000e+00	0.000000e+00	0.000000e+00
-2.600000e+00	-2.400000e+00	0.000000e+00	0.000000e+00	0.000000e+00
-2.400000e+00	-2.200000e+00	0.000000e+00	0.000000e+00	0.000000e+00
-2.200000e+00	-2.000000e+00	0.000000e+00	0.000000e+00	0.000000e+00
-2.000000e+00	-1.800000e+00	0.000000e+00	0.000000e+00	0.000000e+00
-1.800000e+00	-1.600000e+00	0.000000e+00	0.000000e+00	0.000000e+00
-1.600000e+00	-1.400000e+00	1.805901e-01	4.650433e-03	4.650433e-03
-1.400000e+00	-1.200000e+00	3.634557e-01	6.597390e-03	6.597390e-03
-1.200000e+00	-1.000000e+00	3.399837e-01	6.380805e-03	6.380805e-03
-1.000000e+00	-8.000000e-01	3.141167e-01	6.133268e-03	6.133268e-03
-8.000000e-01	-6.000000e-01	3.293255e-01	6.279992e-03	6.279992e-03
-6.000000e-01	-4.000000e-01	3.195057e-01	6.185655e-03	6.185655e-03
-4.000000e-01	-2.000000e-01	3.238168e-01	6.227247e-03	6.227247e-03
-2.000000e-01	0.000000e+00	3.325589e-01	6.310745e-03	6.310745e-03
0.000000e+00	2.000000e-01	3.397442e-01	6.378556e-03	6.378556e-03
2.000000e-01	4.000000e-01	3.224995e-01	6.214568e-03	6.214568e-03
4.000000e-01	6.000000e-01	3.266910e-01	6.254820e-03	6.254820e-03
6.000000e-01	8.000000e-01	3.230983e-01	6.220334e-03	6.220334e-03
8.000000e-01	1.000000e+00	3.168711e-01	6.160097e-03	6.160097e-03
1.000000e+00	1.200000e+00	3.389059e-01	6.370683e-03	6.370683e-03
1.200000e+00	1.400000e+00	3.478876e-01	6.454547e-03	6.454547e-03
1.400000e+00	1.600000e+00	1.809494e-01	4.655056e-03	4.655056e-03
1.600000e+00	1.800000e+00	0.000000e+00	0.000000e+00	0.000000e+00
1.800000e+00	2.000000e+00	0.000000e+00	0.000000e+00	0.000000e+00
2.000000e+00	2.200000e+00	0.000000e+00	0.000000e+00	0.000000e+00
2.200000e+00	2.400000e+00	0.000000e+00	0.000000e+00	0.000000e+00
2.400000e+00	2.600000e+00	0.000000e+00	0.000000e+00	0.000000e+00
2.600000e+00	2.800000e+00	0.000000e+00	0.000000e+00	0.000000e+00
2.800000e+00	3.000000e+00	0.000000e+00	0.000000e+00	0.000000e+00
3.000000e+00	3.200000e+00	0.000000e+00	0.000000e+00	0.000000e+00
3.200000e+00	3.400000e+00	0.000000e+00	0.000000e+00	0.000000e+00
3.400000e+00	3.600000e+00	0.000000e+00	0.000000e+00	0.000000e+00
3.600000e+00	3.800000e+00	0.000000e+00	0.000000e+00	0.000000e+00
3.800000e+00	4.000000e+00	0.000000e+00	0.000000e+00	0.000000e+00
4.000000e+00	4.200000e+00	0.000000e+00	0.000000e+00	0.000000e+00
4.200000e+00	4.400000e+00	0.000000e+00	0.000000e+00	0.000000e+00
4.400000e+00	4.600000e+00	0.000000e+00	0.000000e+00	0.000000e+00
4.600000e+00	4.800000e+00	0.000000e+00	0.000000e+00	0.000000e+00
4.800000e+00	5.000000e+00	0.000000e+00	0.000000e+00	0.000000e+00
# END HISTO1D

