# BEGIN PLOT
LegendOnly=//data/petr/main_analysis/jet-analysis/900/900.yoda/MC_DIJET_PB/FastJets04MultLam
XLabel=$N$
LineColor=green
YLabel=$1/\sigma \; \mathrm{d}\sigma/\mathrm{d}N$
DrawOnly=//data/petr/main_analysis/jet-analysis/900/900.yoda/MC_DIJET_PB/FastJets04MultLam
Title=$\lambda_{multi}$ of FastJets R = 0.4, no cut
Legend=1
LogY=0
# END PLOT

# BEGIN HISTO1D //data/petr/main_analysis/jet-analysis/900/900.yoda/MC_DIJET_PB/FastJets04MultLam
LineColor=red
LineStyle=solid
Path=//data/petr/main_analysis/jet-analysis/900/900.yoda/MC_DIJET_PB/FastJets04MultLam
ScaledBy=2.39509484575589202e-05
Title=900
XLabel=
YLabel=
# xlow	 xhigh	 val	 errminus	 errplus
0.000000e+00	5.000000e+00	1.815482e-03	9.325505e-05	9.325505e-05
5.000000e+00	1.000000e+01	2.844894e-02	3.691555e-04	3.691555e-04
1.000000e+01	1.500000e+01	6.691896e-02	5.661753e-04	5.661753e-04
1.500000e+01	2.000000e+01	5.555662e-02	5.158747e-04	5.158747e-04
2.000000e+01	2.500000e+01	2.833876e-02	3.684400e-04	3.684400e-04
2.500000e+01	3.000000e+01	1.235390e-02	2.432643e-04	2.432643e-04
3.000000e+01	3.500000e+01	4.713548e-03	1.502624e-04	1.502624e-04
3.500000e+01	4.000000e+01	1.355624e-03	8.058347e-05	8.058347e-05
4.000000e+01	4.500000e+01	3.880054e-04	4.311171e-05	4.311171e-05
4.500000e+01	5.000000e+01	8.622342e-05	2.032305e-05	2.032305e-05
5.000000e+01	5.500000e+01	2.395096e-05	1.071119e-05	1.071119e-05
5.500000e+01	6.000000e+01	0.000000e+00	0.000000e+00	0.000000e+00
6.000000e+01	6.500000e+01	0.000000e+00	0.000000e+00	0.000000e+00
6.500000e+01	7.000000e+01	0.000000e+00	0.000000e+00	0.000000e+00
7.000000e+01	7.500000e+01	0.000000e+00	0.000000e+00	0.000000e+00
7.500000e+01	8.000000e+01	0.000000e+00	0.000000e+00	0.000000e+00
8.000000e+01	8.500000e+01	0.000000e+00	0.000000e+00	0.000000e+00
8.500000e+01	9.000000e+01	0.000000e+00	0.000000e+00	0.000000e+00
9.000000e+01	9.500000e+01	0.000000e+00	0.000000e+00	0.000000e+00
9.500000e+01	1.000000e+02	0.000000e+00	0.000000e+00	0.000000e+00
1.000000e+02	1.050000e+02	0.000000e+00	0.000000e+00	0.000000e+00
1.050000e+02	1.100000e+02	0.000000e+00	0.000000e+00	0.000000e+00
1.100000e+02	1.150000e+02	0.000000e+00	0.000000e+00	0.000000e+00
1.150000e+02	1.200000e+02	0.000000e+00	0.000000e+00	0.000000e+00
1.200000e+02	1.250000e+02	0.000000e+00	0.000000e+00	0.000000e+00
1.250000e+02	1.300000e+02	0.000000e+00	0.000000e+00	0.000000e+00
1.300000e+02	1.350000e+02	0.000000e+00	0.000000e+00	0.000000e+00
1.350000e+02	1.400000e+02	0.000000e+00	0.000000e+00	0.000000e+00
1.400000e+02	1.450000e+02	0.000000e+00	0.000000e+00	0.000000e+00
1.450000e+02	1.500000e+02	0.000000e+00	0.000000e+00	0.000000e+00
1.500000e+02	1.550000e+02	0.000000e+00	0.000000e+00	0.000000e+00
1.550000e+02	1.600000e+02	0.000000e+00	0.000000e+00	0.000000e+00
1.600000e+02	1.650000e+02	0.000000e+00	0.000000e+00	0.000000e+00
1.650000e+02	1.700000e+02	0.000000e+00	0.000000e+00	0.000000e+00
1.700000e+02	1.750000e+02	0.000000e+00	0.000000e+00	0.000000e+00
1.750000e+02	1.800000e+02	0.000000e+00	0.000000e+00	0.000000e+00
1.800000e+02	1.850000e+02	0.000000e+00	0.000000e+00	0.000000e+00
1.850000e+02	1.900000e+02	0.000000e+00	0.000000e+00	0.000000e+00
1.900000e+02	1.950000e+02	0.000000e+00	0.000000e+00	0.000000e+00
1.950000e+02	2.000000e+02	0.000000e+00	0.000000e+00	0.000000e+00
2.000000e+02	2.050000e+02	0.000000e+00	0.000000e+00	0.000000e+00
2.050000e+02	2.100000e+02	0.000000e+00	0.000000e+00	0.000000e+00
2.100000e+02	2.150000e+02	0.000000e+00	0.000000e+00	0.000000e+00
2.150000e+02	2.200000e+02	0.000000e+00	0.000000e+00	0.000000e+00
2.200000e+02	2.250000e+02	0.000000e+00	0.000000e+00	0.000000e+00
2.250000e+02	2.300000e+02	0.000000e+00	0.000000e+00	0.000000e+00
2.300000e+02	2.350000e+02	0.000000e+00	0.000000e+00	0.000000e+00
2.350000e+02	2.400000e+02	0.000000e+00	0.000000e+00	0.000000e+00
2.400000e+02	2.450000e+02	0.000000e+00	0.000000e+00	0.000000e+00
2.450000e+02	2.500000e+02	0.000000e+00	0.000000e+00	0.000000e+00
# END HISTO1D

