# BEGIN PLOT
LegendOnly=//data/petr/main_analysis/jet-analysis/900/900.yoda/MC_DIJET_PB/FastJets08PtSubLeading
XLabel=$\text{P}_{\text{t}}$ [GeV]
LineColor=green
YLabel=Number of events (normalized)
DrawOnly=//data/petr/main_analysis/jet-analysis/900/900.yoda/MC_DIJET_PB/FastJets08PtSubLeading
Title=All jets, R = 0.8, nocut
Legend=1
LogY=0
# END PLOT

# BEGIN HISTO1D //data/petr/main_analysis/jet-analysis/900/900.yoda/MC_DIJET_PB/FastJets08PtSubLeading
LineColor=red
LineStyle=solid
Path=//data/petr/main_analysis/jet-analysis/900/900.yoda/MC_DIJET_PB/FastJets08PtSubLeading
ScaledBy=3.09818136753725566e-05
Title=900
XLabel=
YLabel=
# xlow	 xhigh	 val	 errminus	 errplus
0.000000e+00	4.000000e+00	0.000000e+00	0.000000e+00	0.000000e+00
4.000000e+00	8.000000e+00	0.000000e+00	0.000000e+00	0.000000e+00
8.000000e+00	1.200000e+01	0.000000e+00	0.000000e+00	0.000000e+00
1.200000e+01	1.600000e+01	0.000000e+00	0.000000e+00	0.000000e+00
1.600000e+01	2.000000e+01	0.000000e+00	0.000000e+00	0.000000e+00
2.000000e+01	2.400000e+01	9.507543e-02	8.581390e-04	8.581390e-04
2.400000e+01	2.800000e+01	6.777270e-02	7.245208e-04	7.245208e-04
2.800000e+01	3.200000e+01	3.944760e-02	5.527563e-04	5.527563e-04
3.200000e+01	3.600000e+01	2.174149e-02	4.103629e-04	4.103629e-04
3.600000e+01	4.000000e+01	1.151749e-02	2.986774e-04	2.986774e-04
4.000000e+01	4.400000e+01	6.428728e-03	2.231443e-04	2.231443e-04
4.400000e+01	4.800000e+01	3.617125e-03	1.673807e-04	1.673807e-04
4.800000e+01	5.200000e+01	1.719491e-03	1.154047e-04	1.154047e-04
5.200000e+01	5.600000e+01	1.068872e-03	9.098850e-05	9.098850e-05
5.600000e+01	6.000000e+01	6.506180e-04	7.098825e-05	7.098825e-05
6.000000e+01	6.400000e+01	4.647272e-04	5.999603e-05	5.999603e-05
6.400000e+01	6.800000e+01	1.704000e-04	3.632940e-05	3.632940e-05
6.800000e+01	7.200000e+01	1.161818e-04	2.999801e-05	2.999801e-05
7.200000e+01	7.600000e+01	8.519998e-05	2.568876e-05	2.568876e-05
7.600000e+01	8.000000e+01	4.647273e-05	1.897241e-05	1.897241e-05
8.000000e+01	8.400000e+01	2.323636e-05	1.341552e-05	1.341552e-05
8.400000e+01	8.800000e+01	2.323636e-05	1.341552e-05	1.341552e-05
8.800000e+01	9.200000e+01	1.549091e-05	1.095373e-05	1.095373e-05
9.200000e+01	9.600000e+01	7.745453e-06	7.745454e-06	7.745454e-06
9.600000e+01	1.000000e+02	0.000000e+00	0.000000e+00	0.000000e+00
1.000000e+02	1.040000e+02	0.000000e+00	0.000000e+00	0.000000e+00
1.040000e+02	1.080000e+02	7.745453e-06	7.745454e-06	7.745454e-06
1.080000e+02	1.120000e+02	0.000000e+00	0.000000e+00	0.000000e+00
1.120000e+02	1.160000e+02	0.000000e+00	0.000000e+00	0.000000e+00
1.160000e+02	1.200000e+02	0.000000e+00	0.000000e+00	0.000000e+00
1.200000e+02	1.240000e+02	0.000000e+00	0.000000e+00	0.000000e+00
1.240000e+02	1.280000e+02	0.000000e+00	0.000000e+00	0.000000e+00
1.280000e+02	1.320000e+02	0.000000e+00	0.000000e+00	0.000000e+00
1.320000e+02	1.360000e+02	0.000000e+00	0.000000e+00	0.000000e+00
1.360000e+02	1.400000e+02	0.000000e+00	0.000000e+00	0.000000e+00
1.400000e+02	1.440000e+02	0.000000e+00	0.000000e+00	0.000000e+00
1.440000e+02	1.480000e+02	0.000000e+00	0.000000e+00	0.000000e+00
1.480000e+02	1.520000e+02	0.000000e+00	0.000000e+00	0.000000e+00
1.520000e+02	1.560000e+02	0.000000e+00	0.000000e+00	0.000000e+00
1.560000e+02	1.600000e+02	0.000000e+00	0.000000e+00	0.000000e+00
1.600000e+02	1.640000e+02	0.000000e+00	0.000000e+00	0.000000e+00
1.640000e+02	1.680000e+02	0.000000e+00	0.000000e+00	0.000000e+00
1.680000e+02	1.720000e+02	0.000000e+00	0.000000e+00	0.000000e+00
1.720000e+02	1.760000e+02	0.000000e+00	0.000000e+00	0.000000e+00
1.760000e+02	1.800000e+02	0.000000e+00	0.000000e+00	0.000000e+00
1.800000e+02	1.840000e+02	0.000000e+00	0.000000e+00	0.000000e+00
1.840000e+02	1.880000e+02	0.000000e+00	0.000000e+00	0.000000e+00
1.880000e+02	1.920000e+02	0.000000e+00	0.000000e+00	0.000000e+00
1.920000e+02	1.960000e+02	0.000000e+00	0.000000e+00	0.000000e+00
1.960000e+02	2.000000e+02	0.000000e+00	0.000000e+00	0.000000e+00
# END HISTO1D

