61972970
23354883
88615218
70896900
18669684
71917516
25202807
62914023
20426705
23209777
62999507
44693067
32478163
25998990
61544038
90205024
60597114
7370166
85903151
51601790
22636350
14790067
74906431
35532284
45086443
23421781
63494931
21608404
75043051
34510086
69531736
94750582
25401340
98238380
24964630
51526530
59515728
12649400
53085284
6515466
36733495
22225220
56748781
35161083
36851293
74975022
18002457
37528736
58626333
64784968
18377195
91074175
36422557
64539281
56644563
64365906
38636786
97956403
75441424
11577176
39925687
29098219
359658
11048196
76529078
50099521
25151297
86519243
335498
53624260
81142918
97942139
37794784
63847769
87261603
56802260
90274906
46439752
13815468
82480520
95309202
11469766
83630430
49549475
73407866
54944230
93943053
25479558
35803838
70679316
61230805
56201376
4928986
26855781
93371946
22927988
23851187
57861138
31918909
76660165
16708916
63394069
61122878
95975569
49786038
78686675
86236
28930004
66291502
79137521
45606984
66096980
79403146
50800507
71251568
98265998
17963275
58890996
28211327
53067988
64570389
67171909
98342946
42754334
7375028
4711177
49057458
70069317
80735434
19527008
60005895
36028269
54921525
72720463
78578922
12266416
53855820
80331150
56478343
95990082
86762134
47621941
42096823
74741989
5672725
38063452
33319472
19511842
74614553
58158068
66317808
87429169
59260490
34134051
47447002
35933814
45433785
22495809
19682729
28762111
7576040
51707256
80984295
82958554
50737982
71748019
25581205
23683778
29007112
53834599
91783219
43078543
47389531
48462664
25978694
10262489
17174002
28133766
82890089
14268939
679016
63089291
13725945
89936779
17152170
72587178
37274861
42077827
66859583
43038773
17690901
18422507
50527608
15341517
37785038
4651535
94146700
50225507
67514044
15564636
85545895
44348728
67635350
80217623
51352795
41658779
40275835
39721727
91480704
38358811
64982872
47189740
90063110
60882361
97582564
34003648
68529201
44511189
53708008
5819007
31061994
93234836
4281558
44699795
98160858
7862090
1994215
58874801
72544999
73501323
43752694
95755283
6525129
38472184
50475145
2936681
17685932
85251143
40077271
69420699
27864728
79284262
1195867
33954002
10731277
8435440
32342407
97176742
99727919
65092294
97560286
68739826
69374151
17168982
34799212
80559329
33100361
68626202
33558587
67830243
61802545
75865921
55463066
12274873
68804046
26364316
53379632
89256219
2315148
27794405
76584820
26266739
5376701
22560992
25890656
24210196
49594071
10533771
20323703
29764523
83727005
8371424
73023188
99984219
90894217
90834738
91680688
35604516
16986854
22888392
70699978
20698346
28163756
16913483
94165351
96091937
5547890
35463469
19190367
46468497
71938445
84240731
1729212
94333114
25231994
11543078
60168852
39044227
68837738
59930820
16858112
26198680
15087026
42086285
70295641
18015735
15678924
17278815
93526417
85316014
74106525
81446699
55129400
58712963
61746727
56082700
1042820
67285169
92053415
83946030
58564053
30924571
98503236
18448768
60109933
88525724
29951498
26657616
10087589
79243407
27925178
55427691
2973132
58894990
41651775
35420438
85323909
95308509
51924560
63443308
77178874
41052012
69093298
97802857
15093551
52301193
34188547
8022422
88130464
55593963
38646757
60187163
16206341
68820156
32392393
79820954
59288026
23026588
78407958
87925046
15892372
85765152
22173986
3575525
30296424
21044151
1791149
62721573
82529932
98333181
89520020
97570407
55639980
43147916
87782195
10892503
26914793
51482458
65048186
23730399
36453599
53342552
32661862
81614118
17070190
4458694
97466692
64817875
77624528
86333748
85810962
36906628
17896086
31240345
27753714
89505195
34587602
42547182
84448089
22809874
25225082
9051124
69644199
87674277
62401794
50960143
48544153
60190896
44711765
71277168
33366871
83657097
62555573
99055452
89805437
27139206
94124227
12801486
96062418
54196792
60209046
88082793
24497907
55277238
78856391
73324097
20830155
89566399
79141890
61874603
63031206
55875107
61939052
45143355
27695122
53450462
10820158
73601447
62040060
42202074
24552349
64250420
41890917
4356152
54684913
16906524
82319023
94442836
85186789
62850693
1199751
85530721
99981920
8488285
15468857
88486996
60619991
6729036
23800694
33871489
66860577
18023190
32683402
35605383
42609897
40381237
41890509
27246577
93384268
76828270
54344493
13802300
41093236
77695284
42815693
18384859
20595406
32121779
35739237
74562467
41624177
85182520
75643934
3965767
82868420
77633939
91225882
60289753
3714398
54906910
10370998
80841678
51061762
49159981
57990767
21844462
18034385
65104798
77914515
77772275
4085654
42704301
92133704
54964045
40205362
66379951
19188321
39049820
23809112
79364969
41030724
2636116
268672
80359914
86524720
90823277
6013920
1145956
91341311
45433752
99183784
95621192
68145492
90055077
90628106
24059247
55860795
33741278
58207725
2767297
40339480
56894946
83888868
87447919
59389523
201505
76737558
83359201
24182100
36949873
35290166
48687422
3257676
83063824
60929303
94843324
3722716
93404167
62011084
17583355
23253046
3715623
14367945
86379493
59087170
23243451
18795124
93325304
11122595
13049771
39196709
67458684
17384680
89768111
31660542
80891145
44704561
84684880
10105015
817900
66724784
58868389
35984130
87823331
86045148
77055124
75769839
52664315
91907930
88551469
55322818
33330349
84514589
16786586
96940809
4671395
57930364
98830026
48292251
93515575
56268862
78049133
26441284
95967345
66173884
60737988
73105730
87311022
45966295
58789547
60878273
99551388
1328609
63689596
57840713
43845652
23431698
41522007
19650994
70182113
90841950
62131767
6112850
88184180
12949203
84433728
75788339
98273758
1007261
25393380
83162668
71503917
41075269
81211873
27260778
28309619
37554216
27547898
72662283
41929066
61420277
7590794
24149427
5353177
68903274
34198660
97068585
73044858
46581299
58390382
76641594
35894522
83436488
8177715
45842365
98754966
49919178
5235580
4929843
77541621
38163741
90633346
23671797
82213278
36531302
61041847
17788950
49608041
99675788
11630499
61233138
41628583
92266932
30126891
23641082
78532406
31205749
90989110
51174771
83094085
15847723
52947322
59016199
72860645
84603707
980971
48285897
94206312
29281282
68293751
51011270
51730009
24463159
7681489
92136247
9474054
69801327
8599339
67566198
12049127
26151192
52103752
33363052
76065998
65785134
9019439
92927905
5308896
64298865
1239495
39006061
51364762
22308813
14655005
53558984
49759204
1201032
59964800
80763617
1473524
70346083
81603799
30891318
68565930
47788474
58136656
17005113
32102761
97465330
70655430
54072013
4564
22043302
87742359
40240921
71190010
26538220
94530222
18040548
54452788
18046682
10158049
67333877
68983459
65682174
1257026
13631715
87917889
21068042
8080876
87989646
66398510
17958243
4754050
15056350
5447363
39380374
66290198
89628852
41247173
28784420
84532315
64914237
25731123
46432422
87155654
90046941
95250049
36226113
65680882
13179871
79209686
19570680
92011305
21923550
22741992
11967796
5571274
7860658
71884222
70690375
64259719
99197619
3657723
77636752
76778868
55354878
59862560
7232394
8248799
47773657
39643696
2712998
67517772
81190953
78475347
18828842
62058062
49642490
3225508
73665636
2983381
66727978
19260326
97912654
66724223
4119209
88099959
330929
97743229
80293976
82837518
24997902
29212182
28280769
25974332
53159042
37278436
27575879
38547996
72092093
27022505
74842145
82439588
52348782
64021179
78331435
51129024
98794434
1176329
18198072
50427187
46059851
66540247
18502030
13953630
98049450
66932812
85384081
22996040
83220337
34581245
93177085
67446164
91492594
50772711
24600417
88167205
47130984
84132338
92836338
35089732
73567990
8309639
77177695
41222562
58638905
39578662
6705020
34448865
53096328
30331904
32392455
16764626
99436333
25852762
11684884
55717939
30235712
89662279
12250344
53971673
76497431
60806416
74107858
32018899
9824253
761945
74238773
93260295
19054599
95975839
51340754
89259051
49184629
84774327
85359885
96773120
84843391
61045246
2316304
82292202
89974570
64887948
33165501
25709142
81869191
57993925
69497867
84670156
63823758
49458938
89979853
50293646
35555573
62953485
81530338
96008619
62213988
16383469
38589445
46371809
76526641
98746628
56054629
95285032
50288138
38198203
83897556
10940248
53532432
92441688
28718167
36857948
36509792
706708
35616514
75778663
52594466
45863175
35521144
95265444
35820501
36249584
85149337
58988501
44556362
40789583
50384760
24171846
92602663
21196753
37646272
12265928
42006136
49073114
3005990
91479796
52013977
50029759
96928432
77148925
80120117
12856414
24699882
67963201
25489202
5088739
98627577
84599517
29845602
11834150
80312438
38761721
96091118
12157541
53273066
33380073
6003219
61987789
54644775
6804000
48230909
87671565
42798161
77087568
72605938
68151150
79482197
47071729
97450841
11744878
25140291
67585043
84891647
41083986
37810654
97724784
86959404
88941719
37775147
12510609
78098799
95942544
71899040
5023728
23940639
99971265
12229413
42007373
