# BEGIN PLOT
LegendOnly=//data/petr/main_analysis/jet-analysis/13000/13000.yoda/MC_DIJET_PB/FastJets02Phi
DrawOnly=//data/petr/main_analysis/jet-analysis/13000/13000.yoda/MC_DIJET_PB/FastJets02Phi
Title=Azimuthal distribution of FastJets02 nocut
LogY=0
XLabel=$\phi$
LineColor=green
YLabel=$1/\sigma \; \mathrm{d}\sigma/\mathrm{d}\phi$
LegendYPos=0.5
Legend=1
# END PLOT

# BEGIN HISTO1D //data/petr/main_analysis/jet-analysis/13000/13000.yoda/MC_DIJET_PB/FastJets02Phi
LineColor=red
LineStyle=solid
Path=//data/petr/main_analysis/jet-analysis/13000/13000.yoda/MC_DIJET_PB/FastJets02Phi
ScaledBy=4.78102887741441960e-05
Title=13000
XLabel=
YLabel=
# xlow	 xhigh	 val	 errminus	 errplus
0.000000e+00	1.256637e-01	1.578918e-01	7.750605e-03	7.750605e-03
1.256637e-01	2.513274e-01	1.441952e-01	7.406808e-03	7.406808e-03
2.513274e-01	3.769911e-01	1.670229e-01	7.971566e-03	7.971566e-03
3.769911e-01	5.026548e-01	1.559895e-01	7.703773e-03	7.703773e-03
5.026548e-01	6.283185e-01	1.639792e-01	7.898600e-03	7.898600e-03
6.283185e-01	7.539822e-01	1.605550e-01	7.815698e-03	7.815698e-03
7.539822e-01	8.796459e-01	1.674034e-01	7.980641e-03	7.980641e-03
8.796459e-01	1.005310e+00	1.411511e-01	7.328196e-03	7.328196e-03
1.005310e+00	1.130973e+00	1.677848e-01	7.989750e-03	7.989750e-03
1.130973e+00	1.256637e+00	1.571305e-01	7.731887e-03	7.731887e-03
1.256637e+00	1.382301e+00	1.609352e-01	7.824934e-03	7.824934e-03
1.382301e+00	1.507964e+00	1.757746e-01	8.177772e-03	8.177772e-03
1.507964e+00	1.633628e+00	1.594133e-01	7.787848e-03	7.787848e-03
1.633628e+00	1.759292e+00	1.666421e-01	7.962466e-03	7.962466e-03
1.759292e+00	1.884956e+00	1.590328e-01	7.778550e-03	7.778550e-03
1.884956e+00	2.010619e+00	1.571318e-01	7.731948e-03	7.731948e-03
2.010619e+00	2.136283e+00	1.590328e-01	7.778550e-03	7.778550e-03
2.136283e+00	2.261947e+00	1.552282e-01	7.684941e-03	7.684941e-03
2.261947e+00	2.387610e+00	1.499030e-01	7.552002e-03	7.552002e-03
2.387610e+00	2.513274e+00	1.533259e-01	7.637708e-03	7.637708e-03
2.513274e+00	2.638938e+00	1.483799e-01	7.513508e-03	7.513508e-03
2.638938e+00	2.764602e+00	1.715880e-01	8.079764e-03	8.079764e-03
2.764602e+00	2.890265e+00	1.704480e-01	8.052912e-03	8.052912e-03
2.890265e+00	3.015929e+00	1.571305e-01	7.731887e-03	7.731887e-03
3.015929e+00	3.141593e+00	1.662615e-01	7.953370e-03	7.953370e-03
3.141593e+00	3.267256e+00	1.605559e-01	7.815741e-03	7.815741e-03
3.267256e+00	3.392920e+00	1.613156e-01	7.834178e-03	7.834178e-03
3.392920e+00	3.518584e+00	1.601742e-01	7.806414e-03	7.806414e-03
3.518584e+00	3.644247e+00	1.460983e-01	7.455548e-03	7.455548e-03
3.644247e+00	3.769911e+00	1.533259e-01	7.637708e-03	7.637708e-03
3.769911e+00	3.895575e+00	1.628374e-01	7.871044e-03	7.871044e-03
3.895575e+00	4.021239e+00	1.529455e-01	7.628225e-03	7.628225e-03
4.021239e+00	4.146902e+00	1.723503e-01	8.097725e-03	8.097725e-03
4.146902e+00	4.272566e+00	1.582719e-01	7.759919e-03	7.759919e-03
4.272566e+00	4.398230e+00	1.453362e-01	7.436047e-03	7.436047e-03
4.398230e+00	4.523893e+00	1.403914e-01	7.308481e-03	7.308481e-03
4.523893e+00	4.649557e+00	1.628374e-01	7.871044e-03	7.871044e-03
4.649557e+00	4.775221e+00	1.609351e-01	7.824933e-03	7.824933e-03
4.775221e+00	4.900885e+00	1.696857e-01	8.034851e-03	8.034851e-03
4.900885e+00	5.026548e+00	1.540881e-01	7.656697e-03	7.656697e-03
5.026548e+00	5.152212e+00	1.780558e-01	8.230638e-03	8.230638e-03
5.152212e+00	5.277876e+00	1.624570e-01	7.861844e-03	7.861844e-03
5.277876e+00	5.403539e+00	1.548489e-01	7.675580e-03	7.675580e-03
5.403539e+00	5.529203e+00	1.578914e-01	7.750586e-03	7.750586e-03
5.529203e+00	5.654867e+00	1.567501e-01	7.722520e-03	7.722520e-03
5.654867e+00	5.780530e+00	1.628387e-01	7.871107e-03	7.871107e-03
5.780530e+00	5.906194e+00	1.578914e-01	7.750585e-03	7.750585e-03
5.906194e+00	6.031858e+00	1.658811e-01	7.944265e-03	7.944265e-03
6.031858e+00	6.157522e+00	1.495213e-01	7.542352e-03	7.542352e-03
6.157522e+00	6.283185e+00	1.571318e-01	7.731948e-03	7.731948e-03
# END HISTO1D

