# BEGIN PLOT
LegendOnly=//data/petr/main_analysis/jet-analysis/13000/13000.yoda/MC_DIJET_PB/FastJets06WidhtLam
DrawOnly=//data/petr/main_analysis/jet-analysis/13000/13000.yoda/MC_DIJET_PB/FastJets06WidhtLam
Legend=1
LogY=1
# END PLOT

# BEGIN HISTO1D //data/petr/main_analysis/jet-analysis/13000/13000.yoda/MC_DIJET_PB/FastJets06WidhtLam
LineColor=red
LineStyle=solid
Path=//data/petr/main_analysis/jet-analysis/13000/13000.yoda/MC_DIJET_PB/FastJets06WidhtLam
ScaledBy=1.21256214380987018e-05
Title=13000
XLabel=
YLabel=
# xlow	 xhigh	 val	 errminus	 errplus
0.000000e+00	4.000000e-03	3.031405e-03	3.031405e-03	3.031405e-03
4.000000e-03	8.000000e-03	0.000000e+00	0.000000e+00	0.000000e+00
8.000000e-03	1.200000e-02	0.000000e+00	0.000000e+00	0.000000e+00
1.200000e-02	1.600000e-02	0.000000e+00	0.000000e+00	0.000000e+00
1.600000e-02	2.000000e-02	9.094217e-03	5.250548e-03	5.250548e-03
2.000000e-02	2.400000e-02	6.062810e-03	4.287055e-03	4.287055e-03
2.400000e-02	2.800000e-02	6.062810e-03	4.287055e-03	4.287055e-03
2.800000e-02	3.200000e-02	3.031405e-02	9.586146e-03	9.586146e-03
3.200000e-02	3.600000e-02	2.728265e-02	9.094215e-03	9.094215e-03
3.600000e-02	4.000000e-02	2.425124e-02	8.574111e-03	8.574111e-03
4.000000e-02	4.400000e-02	5.153390e-02	1.249880e-02	1.249880e-02
4.400000e-02	4.800000e-02	5.759670e-02	1.321359e-02	1.321359e-02
4.800000e-02	5.200000e-02	8.184795e-02	1.575164e-02	1.575164e-02
5.200000e-02	5.600000e-02	7.881655e-02	1.545719e-02	1.545719e-02
5.600000e-02	6.000000e-02	1.182248e-01	1.893112e-02	1.893112e-02
6.000000e-02	6.400000e-02	9.094215e-02	1.660369e-02	1.660369e-02
6.400000e-02	6.800000e-02	1.515703e-01	2.143527e-02	2.143527e-02
6.800000e-02	7.200000e-02	1.485389e-01	2.121984e-02	2.121984e-02
7.200000e-02	7.600000e-02	1.606645e-01	2.206896e-02	2.206896e-02
7.600000e-02	8.000000e-02	2.212926e-01	2.590034e-02	2.590034e-02
8.000000e-02	8.400000e-02	3.001092e-01	3.016210e-02	3.016210e-02
8.400000e-02	8.800000e-02	3.304230e-01	3.164881e-02	3.164881e-02
8.800000e-02	9.200000e-02	3.668000e-01	3.334546e-02	3.334546e-02
9.200000e-02	9.600000e-02	3.061720e-01	3.046525e-02	3.046525e-02
9.600000e-02	1.000000e-01	4.062082e-01	3.509105e-02	3.509105e-02
1.000000e-01	1.040000e-01	4.789620e-01	3.810417e-02	3.810417e-02
1.040000e-01	1.080000e-01	5.214017e-01	3.975651e-02	3.975651e-02
1.080000e-01	1.120000e-01	5.244332e-01	3.987191e-02	3.987191e-02
1.120000e-01	1.160000e-01	6.517522e-01	4.444913e-02	4.444913e-02
1.160000e-01	1.200000e-01	6.790348e-01	4.536992e-02	4.536992e-02
1.200000e-01	1.240000e-01	7.548200e-01	4.783477e-02	4.783477e-02
1.240000e-01	1.280000e-01	7.032860e-01	4.617299e-02	4.617299e-02
1.280000e-01	1.320000e-01	7.911967e-01	4.897385e-02	4.897385e-02
1.320000e-01	1.360000e-01	8.306050e-01	5.017869e-02	5.017869e-02
1.360000e-01	1.400000e-01	8.578877e-01	5.099613e-02	5.099613e-02
1.400000e-01	1.440000e-01	1.048866e+00	5.638740e-02	5.638740e-02
1.440000e-01	1.480000e-01	1.088274e+00	5.743693e-02	5.743693e-02
1.480000e-01	1.520000e-01	1.124651e+00	5.838898e-02	5.838898e-02
1.520000e-01	1.560000e-01	1.164059e+00	5.940317e-02	5.940317e-02
1.560000e-01	1.600000e-01	1.258033e+00	6.175441e-02	6.175441e-02
1.600000e-01	1.640000e-01	1.339881e+00	6.373165e-02	6.373165e-02
1.640000e-01	1.680000e-01	1.455074e+00	6.641477e-02	6.641477e-02
1.680000e-01	1.720000e-01	1.397478e+00	6.508703e-02	6.508703e-02
1.720000e-01	1.760000e-01	1.606645e+00	6.978819e-02	6.978819e-02
1.760000e-01	1.800000e-01	1.552080e+00	6.859288e-02	6.859288e-02
1.800000e-01	1.840000e-01	1.673336e+00	7.122190e-02	7.122190e-02
1.840000e-01	1.880000e-01	1.718807e+00	7.218310e-02	7.218310e-02
1.880000e-01	1.920000e-01	1.843094e+00	7.474735e-02	7.474735e-02
1.920000e-01	1.960000e-01	1.685461e+00	7.147948e-02	7.147948e-02
1.960000e-01	2.000000e-01	1.852188e+00	7.493154e-02	7.493154e-02
2.000000e-01	2.040000e-01	1.782466e+00	7.350768e-02	7.350768e-02
2.040000e-01	2.080000e-01	1.840063e+00	7.468585e-02	7.468585e-02
2.080000e-01	2.120000e-01	2.079544e+00	7.939738e-02	7.939738e-02
2.120000e-01	2.160000e-01	2.067418e+00	7.916553e-02	7.916553e-02
2.160000e-01	2.200000e-01	2.182612e+00	8.134114e-02	8.134114e-02
2.200000e-01	2.240000e-01	2.118952e+00	8.014616e-02	8.014616e-02
2.240000e-01	2.280000e-01	2.291742e+00	8.334987e-02	8.334987e-02
2.280000e-01	2.320000e-01	2.373590e+00	8.482519e-02	8.482519e-02
2.320000e-01	2.360000e-01	2.340245e+00	8.422726e-02	8.422726e-02
2.360000e-01	2.400000e-01	2.400873e+00	8.531130e-02	8.531130e-02
2.400000e-01	2.440000e-01	2.431187e+00	8.584819e-02	8.584819e-02
2.440000e-01	2.480000e-01	2.491815e+00	8.691202e-02	8.691202e-02
2.480000e-01	2.520000e-01	2.570632e+00	8.827585e-02	8.827585e-02
2.520000e-01	2.560000e-01	2.691887e+00	9.033386e-02	9.033386e-02
2.560000e-01	2.600000e-01	2.558507e+00	8.806741e-02	8.806741e-02
2.600000e-01	2.640000e-01	2.588820e+00	8.858760e-02	8.858760e-02
2.640000e-01	2.680000e-01	2.637322e+00	8.941361e-02	8.941361e-02
2.680000e-01	2.720000e-01	2.728265e+00	9.094215e-02	9.094215e-02
2.720000e-01	2.760000e-01	2.804050e+00	9.219660e-02	9.219660e-02
2.760000e-01	2.800000e-01	2.840425e+00	9.279271e-02	9.279271e-02
2.800000e-01	2.840000e-01	2.834363e+00	9.269361e-02	9.269361e-02
2.840000e-01	2.880000e-01	2.949557e+00	9.455848e-02	9.455848e-02
2.880000e-01	2.920000e-01	2.761610e+00	9.149624e-02	9.149624e-02
2.920000e-01	2.960000e-01	2.940462e+00	9.441259e-02	9.441259e-02
2.960000e-01	3.000000e-01	2.937432e+00	9.436389e-02	9.436389e-02
3.000000e-01	3.040000e-01	2.855582e+00	9.303994e-02	9.303994e-02
3.040000e-01	3.080000e-01	3.001090e+00	9.538095e-02	9.538095e-02
3.080000e-01	3.120000e-01	3.022310e+00	9.571755e-02	9.571755e-02
3.120000e-01	3.160000e-01	2.958652e+00	9.470414e-02	9.470414e-02
3.160000e-01	3.200000e-01	3.010185e+00	9.552536e-02	9.552536e-02
3.200000e-01	3.240000e-01	2.961682e+00	9.475264e-02	9.475264e-02
3.240000e-01	3.280000e-01	3.110222e+00	9.709966e-02	9.709966e-02
3.280000e-01	3.320000e-01	3.116285e+00	9.719426e-02	9.719426e-02
3.320000e-01	3.360000e-01	2.901055e+00	9.377780e-02	9.377780e-02
3.360000e-01	3.400000e-01	3.122347e+00	9.728875e-02	9.728875e-02
3.400000e-01	3.440000e-01	2.991998e+00	9.523632e-02	9.523632e-02
3.440000e-01	3.480000e-01	3.067782e+00	9.643492e-02	9.643492e-02
3.480000e-01	3.520000e-01	3.186007e+00	9.827554e-02	9.827554e-02
3.520000e-01	3.560000e-01	3.234510e+00	9.902077e-02	9.902077e-02
3.560000e-01	3.600000e-01	3.010187e+00	9.552536e-02	9.552536e-02
3.600000e-01	3.640000e-01	3.179942e+00	9.818197e-02	9.818197e-02
3.640000e-01	3.680000e-01	3.070812e+00	9.648254e-02	9.648254e-02
3.680000e-01	3.720000e-01	3.104160e+00	9.700496e-02	9.700496e-02
3.720000e-01	3.760000e-01	3.040500e+00	9.600514e-02	9.600514e-02
3.760000e-01	3.800000e-01	3.013217e+00	9.557343e-02	9.557343e-02
3.800000e-01	3.840000e-01	2.910150e+00	9.392467e-02	9.392467e-02
3.840000e-01	3.880000e-01	3.149630e+00	9.771288e-02	9.771288e-02
3.880000e-01	3.920000e-01	3.031405e+00	9.586146e-02	9.586146e-02
3.920000e-01	3.960000e-01	3.058687e+00	9.629187e-02	9.629187e-02
3.960000e-01	4.000000e-01	2.846490e+00	9.289167e-02	9.289167e-02
4.000000e-01	4.040000e-01	2.943495e+00	9.446124e-02	9.446124e-02
4.040000e-01	4.080000e-01	2.861648e+00	9.313867e-02	9.313867e-02
4.080000e-01	4.120000e-01	2.758580e+00	9.144599e-02	9.144599e-02
4.120000e-01	4.160000e-01	2.891962e+00	9.363069e-02	9.363069e-02
4.160000e-01	4.200000e-01	2.658542e+00	8.977259e-02	8.977259e-02
4.200000e-01	4.240000e-01	2.761610e+00	9.149624e-02	9.149624e-02
4.240000e-01	4.280000e-01	2.528192e+00	8.754413e-02	8.754413e-02
4.280000e-01	4.320000e-01	2.697950e+00	9.043551e-02	9.043551e-02
4.320000e-01	4.360000e-01	2.694920e+00	9.038470e-02	9.038470e-02
4.360000e-01	4.400000e-01	2.622165e+00	8.915629e-02	8.915629e-02
4.400000e-01	4.440000e-01	2.467564e+00	8.648808e-02	8.648808e-02
4.440000e-01	4.480000e-01	2.428156e+00	8.579467e-02	8.579467e-02
4.480000e-01	4.520000e-01	2.397842e+00	8.525744e-02	8.525744e-02
4.520000e-01	4.560000e-01	2.337213e+00	8.417270e-02	8.417270e-02
4.560000e-01	4.600000e-01	2.355402e+00	8.449956e-02	8.449956e-02
4.600000e-01	4.640000e-01	2.158360e+00	8.088800e-02	8.088800e-02
4.640000e-01	4.680000e-01	2.206863e+00	8.179181e-02	8.179181e-02
4.680000e-01	4.720000e-01	2.082576e+00	7.945522e-02	7.945522e-02
4.720000e-01	4.760000e-01	1.873408e+00	7.535953e-02	7.535953e-02
4.760000e-01	4.800000e-01	1.897660e+00	7.584574e-02	7.584574e-02
4.800000e-01	4.840000e-01	1.824906e+00	7.437761e-02	7.437761e-02
4.840000e-01	4.880000e-01	1.815812e+00	7.419206e-02	7.419206e-02
4.880000e-01	4.920000e-01	1.758215e+00	7.300590e-02	7.300590e-02
4.920000e-01	4.960000e-01	1.555111e+00	6.865982e-02	6.865982e-02
4.960000e-01	5.000000e-01	1.697587e+00	7.173615e-02	7.173615e-02
5.000000e-01	5.040000e-01	1.449012e+00	6.627625e-02	6.627625e-02
5.040000e-01	5.080000e-01	1.406572e+00	6.529847e-02	6.529847e-02
5.080000e-01	5.120000e-01	1.394446e+00	6.501641e-02	6.501641e-02
5.120000e-01	5.160000e-01	1.279253e+00	6.227306e-02	6.227306e-02
5.160000e-01	5.200000e-01	1.218625e+00	6.077950e-02	6.077950e-02
5.200000e-01	5.240000e-01	1.179217e+00	5.978866e-02	5.978866e-02
5.240000e-01	5.280000e-01	1.027646e+00	5.581410e-02	5.581410e-02
5.280000e-01	5.320000e-01	1.000364e+00	5.506821e-02	5.506821e-02
5.320000e-01	5.360000e-01	9.094215e-01	5.250548e-02	5.250548e-02
5.360000e-01	5.400000e-01	9.094215e-01	5.250548e-02	5.250548e-02
5.400000e-01	5.440000e-01	8.942645e-01	5.206610e-02	5.206610e-02
5.440000e-01	5.480000e-01	7.881655e-01	4.887994e-02	4.887994e-02
5.480000e-01	5.520000e-01	7.517885e-01	4.773862e-02	4.773862e-02
5.520000e-01	5.560000e-01	6.335637e-01	4.382452e-02	4.382452e-02
5.560000e-01	5.600000e-01	5.911240e-01	4.233127e-02	4.233127e-02
5.600000e-01	5.640000e-01	6.335638e-01	4.382452e-02	4.382452e-02
5.640000e-01	5.680000e-01	5.123075e-01	3.940827e-02	3.940827e-02
5.680000e-01	5.720000e-01	4.819935e-01	3.822457e-02	3.822457e-02
5.720000e-01	5.760000e-01	4.395537e-01	3.650295e-02	3.650295e-02
5.760000e-01	5.800000e-01	4.183337e-01	3.561095e-02	3.561095e-02
5.800000e-01	5.840000e-01	3.607372e-01	3.306873e-02	3.306873e-02
5.840000e-01	5.880000e-01	4.031770e-01	3.495987e-02	3.495987e-02
5.880000e-01	5.920000e-01	3.334547e-01	3.179365e-02	3.179365e-02
5.920000e-01	5.960000e-01	2.485752e-01	2.745055e-02	2.745055e-02
5.960000e-01	6.000000e-01	3.092035e-01	3.061569e-02	3.061569e-02
6.000000e-01	6.040000e-01	2.485752e-01	2.745055e-02	2.745055e-02
6.040000e-01	6.080000e-01	1.970413e-01	2.443997e-02	2.443997e-02
6.080000e-01	6.120000e-01	2.091670e-01	2.518075e-02	2.518075e-02
6.120000e-01	6.160000e-01	1.970413e-01	2.443997e-02	2.443997e-02
6.160000e-01	6.200000e-01	1.576331e-01	2.185977e-02	2.185977e-02
6.200000e-01	6.240000e-01	1.394446e-01	2.055999e-02	2.055999e-02
6.240000e-01	6.280000e-01	1.394446e-01	2.055999e-02	2.055999e-02
6.280000e-01	6.320000e-01	1.394446e-01	2.055999e-02	2.055999e-02
6.320000e-01	6.360000e-01	1.091306e-01	1.818843e-02	1.818843e-02
6.360000e-01	6.400000e-01	1.060992e-01	1.793404e-02	1.793404e-02
6.400000e-01	6.440000e-01	1.030678e-01	1.767598e-02	1.767598e-02
6.440000e-01	6.480000e-01	8.791075e-02	1.632462e-02	1.632462e-02
6.480000e-01	6.520000e-01	5.759670e-02	1.321359e-02	1.321359e-02
6.520000e-01	6.560000e-01	5.153390e-02	1.249880e-02	1.249880e-02
6.560000e-01	6.600000e-01	4.243967e-02	1.134248e-02	1.134248e-02
6.600000e-01	6.640000e-01	5.456530e-02	1.286116e-02	1.286116e-02
6.640000e-01	6.680000e-01	3.031405e-02	9.586146e-03	9.586146e-03
6.680000e-01	6.720000e-01	4.547107e-02	1.174058e-02	1.174058e-02
6.720000e-01	6.760000e-01	3.334545e-02	1.005404e-02	1.005404e-02
6.760000e-01	6.800000e-01	1.818843e-02	7.425396e-03	7.425396e-03
6.800000e-01	6.840000e-01	2.121983e-02	8.020345e-03	8.020345e-03
6.840000e-01	6.880000e-01	3.031405e-02	9.586146e-03	9.586146e-03
6.880000e-01	6.920000e-01	3.031405e-02	9.586146e-03	9.586146e-03
6.920000e-01	6.960000e-01	6.062810e-03	4.287055e-03	4.287055e-03
6.960000e-01	7.000000e-01	1.818843e-02	7.425396e-03	7.425396e-03
7.000000e-01	7.040000e-01	6.062810e-03	4.287055e-03	4.287055e-03
7.040000e-01	7.080000e-01	3.031405e-03	3.031405e-03	3.031405e-03
7.080000e-01	7.120000e-01	2.728265e-02	9.094215e-03	9.094215e-03
7.120000e-01	7.160000e-01	3.031405e-03	3.031405e-03	3.031405e-03
7.160000e-01	7.200000e-01	1.515703e-02	6.778429e-03	6.778429e-03
7.200000e-01	7.240000e-01	6.062810e-03	4.287055e-03	4.287055e-03
7.240000e-01	7.280000e-01	3.031405e-03	3.031405e-03	3.031405e-03
7.280000e-01	7.320000e-01	9.094217e-03	5.250548e-03	5.250548e-03
7.320000e-01	7.360000e-01	3.031405e-03	3.031405e-03	3.031405e-03
7.360000e-01	7.400000e-01	6.062810e-03	4.287055e-03	4.287055e-03
7.400000e-01	7.440000e-01	3.031405e-03	3.031405e-03	3.031405e-03
7.440000e-01	7.480000e-01	6.062810e-03	4.287055e-03	4.287055e-03
7.480000e-01	7.520000e-01	3.031405e-03	3.031405e-03	3.031405e-03
7.520000e-01	7.560000e-01	0.000000e+00	0.000000e+00	0.000000e+00
7.560000e-01	7.600000e-01	0.000000e+00	0.000000e+00	0.000000e+00
7.600000e-01	7.640000e-01	3.031405e-03	3.031405e-03	3.031405e-03
7.640000e-01	7.680000e-01	0.000000e+00	0.000000e+00	0.000000e+00
7.680000e-01	7.720000e-01	0.000000e+00	0.000000e+00	0.000000e+00
7.720000e-01	7.760000e-01	0.000000e+00	0.000000e+00	0.000000e+00
7.760000e-01	7.800000e-01	0.000000e+00	0.000000e+00	0.000000e+00
7.800000e-01	7.840000e-01	0.000000e+00	0.000000e+00	0.000000e+00
7.840000e-01	7.880000e-01	3.031405e-03	3.031405e-03	3.031405e-03
7.880000e-01	7.920000e-01	0.000000e+00	0.000000e+00	0.000000e+00
7.920000e-01	7.960000e-01	0.000000e+00	0.000000e+00	0.000000e+00
7.960000e-01	8.000000e-01	0.000000e+00	0.000000e+00	0.000000e+00
8.000000e-01	8.040000e-01	0.000000e+00	0.000000e+00	0.000000e+00
8.040000e-01	8.080000e-01	0.000000e+00	0.000000e+00	0.000000e+00
8.080000e-01	8.120000e-01	0.000000e+00	0.000000e+00	0.000000e+00
8.120000e-01	8.160000e-01	0.000000e+00	0.000000e+00	0.000000e+00
8.160000e-01	8.200000e-01	0.000000e+00	0.000000e+00	0.000000e+00
8.200000e-01	8.240000e-01	0.000000e+00	0.000000e+00	0.000000e+00
8.240000e-01	8.280000e-01	0.000000e+00	0.000000e+00	0.000000e+00
8.280000e-01	8.320000e-01	0.000000e+00	0.000000e+00	0.000000e+00
8.320000e-01	8.360000e-01	0.000000e+00	0.000000e+00	0.000000e+00
8.360000e-01	8.400000e-01	0.000000e+00	0.000000e+00	0.000000e+00
8.400000e-01	8.440000e-01	0.000000e+00	0.000000e+00	0.000000e+00
8.440000e-01	8.480000e-01	0.000000e+00	0.000000e+00	0.000000e+00
8.480000e-01	8.520000e-01	0.000000e+00	0.000000e+00	0.000000e+00
8.520000e-01	8.560000e-01	0.000000e+00	0.000000e+00	0.000000e+00
8.560000e-01	8.600000e-01	0.000000e+00	0.000000e+00	0.000000e+00
8.600000e-01	8.640000e-01	0.000000e+00	0.000000e+00	0.000000e+00
8.640000e-01	8.680000e-01	0.000000e+00	0.000000e+00	0.000000e+00
8.680000e-01	8.720000e-01	0.000000e+00	0.000000e+00	0.000000e+00
8.720000e-01	8.760000e-01	0.000000e+00	0.000000e+00	0.000000e+00
8.760000e-01	8.800000e-01	0.000000e+00	0.000000e+00	0.000000e+00
8.800000e-01	8.840000e-01	0.000000e+00	0.000000e+00	0.000000e+00
8.840000e-01	8.880000e-01	0.000000e+00	0.000000e+00	0.000000e+00
8.880000e-01	8.920000e-01	0.000000e+00	0.000000e+00	0.000000e+00
8.920000e-01	8.960000e-01	0.000000e+00	0.000000e+00	0.000000e+00
8.960000e-01	9.000000e-01	0.000000e+00	0.000000e+00	0.000000e+00
9.000000e-01	9.040000e-01	0.000000e+00	0.000000e+00	0.000000e+00
9.040000e-01	9.080000e-01	0.000000e+00	0.000000e+00	0.000000e+00
9.080000e-01	9.120000e-01	0.000000e+00	0.000000e+00	0.000000e+00
9.120000e-01	9.160000e-01	0.000000e+00	0.000000e+00	0.000000e+00
9.160000e-01	9.200000e-01	0.000000e+00	0.000000e+00	0.000000e+00
9.200000e-01	9.240000e-01	0.000000e+00	0.000000e+00	0.000000e+00
9.240000e-01	9.280000e-01	0.000000e+00	0.000000e+00	0.000000e+00
9.280000e-01	9.320000e-01	0.000000e+00	0.000000e+00	0.000000e+00
9.320000e-01	9.360000e-01	0.000000e+00	0.000000e+00	0.000000e+00
9.360000e-01	9.400000e-01	0.000000e+00	0.000000e+00	0.000000e+00
9.400000e-01	9.440000e-01	0.000000e+00	0.000000e+00	0.000000e+00
9.440000e-01	9.480000e-01	0.000000e+00	0.000000e+00	0.000000e+00
9.480000e-01	9.520000e-01	0.000000e+00	0.000000e+00	0.000000e+00
9.520000e-01	9.560000e-01	0.000000e+00	0.000000e+00	0.000000e+00
9.560000e-01	9.600000e-01	0.000000e+00	0.000000e+00	0.000000e+00
9.600000e-01	9.640000e-01	0.000000e+00	0.000000e+00	0.000000e+00
9.640000e-01	9.680000e-01	0.000000e+00	0.000000e+00	0.000000e+00
9.680000e-01	9.720000e-01	0.000000e+00	0.000000e+00	0.000000e+00
9.720000e-01	9.760000e-01	0.000000e+00	0.000000e+00	0.000000e+00
9.760000e-01	9.800000e-01	0.000000e+00	0.000000e+00	0.000000e+00
9.800000e-01	9.840000e-01	0.000000e+00	0.000000e+00	0.000000e+00
9.840000e-01	9.880000e-01	0.000000e+00	0.000000e+00	0.000000e+00
9.880000e-01	9.920000e-01	0.000000e+00	0.000000e+00	0.000000e+00
9.920000e-01	9.960000e-01	0.000000e+00	0.000000e+00	0.000000e+00
9.960000e-01	1.000000e+00	0.000000e+00	0.000000e+00	0.000000e+00
# END HISTO1D

