# BEGIN PLOT
LegendOnly=//data/petr/main_analysis/jet-analysis/13000/13000.yoda/MC_DIJET_PB/FastJets02Rapidity
DrawOnly=//data/petr/main_analysis/jet-analysis/13000/13000.yoda/MC_DIJET_PB/FastJets02Rapidity
Title=Rapidity of all FastJets02 nocut
LogY=0
XLabel=$y$
LineColor=green
YLabel=$1/\sigma \; \mathrm{d}\sigma/\mathrm{d}y$
LegendYPos=0.5
Legend=1
# END PLOT

# BEGIN HISTO1D //data/petr/main_analysis/jet-analysis/13000/13000.yoda/MC_DIJET_PB/FastJets02Rapidity
LineColor=red
LineStyle=solid
Path=//data/petr/main_analysis/jet-analysis/13000/13000.yoda/MC_DIJET_PB/FastJets02Rapidity
ScaledBy=4.78102887741441960e-05
Title=13000
XLabel=
YLabel=
# xlow	 xhigh	 val	 errminus	 errplus
-5.000000e+00	-4.800000e+00	0.000000e+00	0.000000e+00	0.000000e+00
-4.800000e+00	-4.600000e+00	0.000000e+00	0.000000e+00	0.000000e+00
-4.600000e+00	-4.400000e+00	0.000000e+00	0.000000e+00	0.000000e+00
-4.400000e+00	-4.200000e+00	0.000000e+00	0.000000e+00	0.000000e+00
-4.200000e+00	-4.000000e+00	0.000000e+00	0.000000e+00	0.000000e+00
-4.000000e+00	-3.800000e+00	0.000000e+00	0.000000e+00	0.000000e+00
-3.800000e+00	-3.600000e+00	0.000000e+00	0.000000e+00	0.000000e+00
-3.600000e+00	-3.400000e+00	0.000000e+00	0.000000e+00	0.000000e+00
-3.400000e+00	-3.200000e+00	0.000000e+00	0.000000e+00	0.000000e+00
-3.200000e+00	-3.000000e+00	0.000000e+00	0.000000e+00	0.000000e+00
-3.000000e+00	-2.800000e+00	0.000000e+00	0.000000e+00	0.000000e+00
-2.800000e+00	-2.600000e+00	0.000000e+00	0.000000e+00	0.000000e+00
-2.600000e+00	-2.400000e+00	0.000000e+00	0.000000e+00	0.000000e+00
-2.400000e+00	-2.200000e+00	0.000000e+00	0.000000e+00	0.000000e+00
-2.200000e+00	-2.000000e+00	0.000000e+00	0.000000e+00	0.000000e+00
-2.000000e+00	-1.800000e+00	0.000000e+00	0.000000e+00	0.000000e+00
-1.800000e+00	-1.600000e+00	0.000000e+00	0.000000e+00	0.000000e+00
-1.600000e+00	-1.400000e+00	2.115605e-01	7.111529e-03	7.111529e-03
-1.400000e+00	-1.200000e+00	3.977816e-01	9.751424e-03	9.751424e-03
-1.200000e+00	-1.000000e+00	3.583382e-01	9.255336e-03	9.255336e-03
-1.000000e+00	-8.000000e-01	3.310863e-01	8.896440e-03	8.896440e-03
-8.000000e-01	-6.000000e-01	3.243928e-01	8.806053e-03	8.806053e-03
-6.000000e-01	-4.000000e-01	2.890132e-01	8.311981e-03	8.311981e-03
-4.000000e-01	-2.000000e-01	2.976190e-01	8.434825e-03	8.434825e-03
-2.000000e-01	0.000000e+00	2.873399e-01	8.287883e-03	8.287883e-03
0.000000e+00	2.000000e-01	2.868617e-01	8.280986e-03	8.280986e-03
2.000000e-01	4.000000e-01	2.969019e-01	8.424656e-03	8.424656e-03
4.000000e-01	6.000000e-01	3.062249e-01	8.555904e-03	8.555904e-03
6.000000e-01	8.000000e-01	3.114840e-01	8.629061e-03	8.629061e-03
8.000000e-01	1.000000e+00	3.329987e-01	8.922096e-03	8.922096e-03
1.000000e+00	1.200000e+00	3.523618e-01	9.177832e-03	9.177832e-03
1.200000e+00	1.400000e+00	4.030408e-01	9.815675e-03	9.815675e-03
1.400000e+00	1.600000e+00	2.129948e-01	7.135596e-03	7.135596e-03
1.600000e+00	1.800000e+00	0.000000e+00	0.000000e+00	0.000000e+00
1.800000e+00	2.000000e+00	0.000000e+00	0.000000e+00	0.000000e+00
2.000000e+00	2.200000e+00	0.000000e+00	0.000000e+00	0.000000e+00
2.200000e+00	2.400000e+00	0.000000e+00	0.000000e+00	0.000000e+00
2.400000e+00	2.600000e+00	0.000000e+00	0.000000e+00	0.000000e+00
2.600000e+00	2.800000e+00	0.000000e+00	0.000000e+00	0.000000e+00
2.800000e+00	3.000000e+00	0.000000e+00	0.000000e+00	0.000000e+00
3.000000e+00	3.200000e+00	0.000000e+00	0.000000e+00	0.000000e+00
3.200000e+00	3.400000e+00	0.000000e+00	0.000000e+00	0.000000e+00
3.400000e+00	3.600000e+00	0.000000e+00	0.000000e+00	0.000000e+00
3.600000e+00	3.800000e+00	0.000000e+00	0.000000e+00	0.000000e+00
3.800000e+00	4.000000e+00	0.000000e+00	0.000000e+00	0.000000e+00
4.000000e+00	4.200000e+00	0.000000e+00	0.000000e+00	0.000000e+00
4.200000e+00	4.400000e+00	0.000000e+00	0.000000e+00	0.000000e+00
4.400000e+00	4.600000e+00	0.000000e+00	0.000000e+00	0.000000e+00
4.600000e+00	4.800000e+00	0.000000e+00	0.000000e+00	0.000000e+00
4.800000e+00	5.000000e+00	0.000000e+00	0.000000e+00	0.000000e+00
# END HISTO1D

