# BEGIN PLOT
LegendOnly=//data/petr/main_analysis/jet-analysis/13000/13000.yoda/MC_DIJET_PB/FastJets10PtReclust
XLabel=$\text{P}_{\text{t}}$ [GeV]
LineColor=green
YLabel=Number of events (normalized)
DrawOnly=//data/petr/main_analysis/jet-analysis/13000/13000.yoda/MC_DIJET_PB/FastJets10PtReclust
Title=All jets, R = 1.0, nocut
Legend=1
LogY=0
# END PLOT

# BEGIN HISTO1D //data/petr/main_analysis/jet-analysis/13000/13000.yoda/MC_DIJET_PB/FastJets10PtReclust
LineColor=red
LineStyle=solid
Path=//data/petr/main_analysis/jet-analysis/13000/13000.yoda/MC_DIJET_PB/FastJets10PtReclust
ScaledBy=1.12815884476534290e-05
Title=13000
XLabel=
YLabel=
# xlow	 xhigh	 val	 errminus	 errplus
0.000000e+00	4.000000e+00	0.000000e+00	0.000000e+00	0.000000e+00
4.000000e+00	8.000000e+00	0.000000e+00	0.000000e+00	0.000000e+00
8.000000e+00	1.200000e+01	0.000000e+00	0.000000e+00	0.000000e+00
1.200000e+01	1.600000e+01	1.353791e-04	1.954028e-05	1.954028e-05
1.600000e+01	2.000000e+01	6.777415e-03	1.382570e-04	1.382570e-04
2.000000e+01	2.400000e+01	4.131600e-02	3.413612e-04	3.413612e-04
2.400000e+01	2.800000e+01	3.680337e-02	3.221803e-04	3.221803e-04
2.800000e+01	3.200000e+01	3.022055e-02	2.919485e-04	2.919485e-04
3.200000e+01	3.600000e+01	2.459951e-02	2.634015e-04	2.634015e-04
3.600000e+01	4.000000e+01	2.000226e-02	2.375170e-04	2.375170e-04
4.000000e+01	4.400000e+01	1.637523e-02	2.149061e-04	2.149061e-04
4.400000e+01	4.800000e+01	1.277640e-02	1.898276e-04	1.898276e-04
4.800000e+01	5.200000e+01	1.068930e-02	1.736320e-04	1.736320e-04
5.200000e+01	5.600000e+01	8.822202e-03	1.577406e-04	1.577406e-04
5.600000e+01	6.000000e+01	7.465590e-03	1.451066e-04	1.451066e-04
6.000000e+01	6.400000e+01	5.998985e-03	1.300751e-04	1.300751e-04
6.400000e+01	6.800000e+01	5.045690e-03	1.192931e-04	1.192931e-04
6.800000e+01	7.200000e+01	4.174187e-03	1.085029e-04	1.085029e-04
7.200000e+01	7.600000e+01	3.384478e-03	9.770143e-05	9.770143e-05
7.600000e+01	8.000000e+01	2.854243e-03	8.972231e-05	8.972231e-05
8.000000e+01	8.400000e+01	2.281701e-03	8.022036e-05	8.022036e-05
8.400000e+01	8.800000e+01	1.819156e-03	7.162921e-05	7.162921e-05
8.800000e+01	9.200000e+01	1.579422e-03	6.674277e-05	6.674277e-05
9.200000e+01	9.600000e+01	1.269179e-03	5.982966e-05	5.982966e-05
9.600000e+01	1.000000e+02	1.052008e-03	5.447092e-05	5.447092e-05
1.000000e+02	1.040000e+02	7.220218e-04	4.512635e-05	4.512635e-05
1.040000e+02	1.080000e+02	7.079198e-04	4.468349e-05	4.468349e-05
1.080000e+02	1.120000e+02	4.681858e-04	3.633827e-05	3.633827e-05
1.120000e+02	1.160000e+02	4.710062e-04	3.644757e-05	3.644757e-05
1.160000e+02	1.200000e+02	3.299865e-04	3.050726e-05	3.050726e-05
1.200000e+02	1.240000e+02	3.299865e-04	3.050726e-05	3.050726e-05
1.240000e+02	1.280000e+02	2.340930e-04	2.569504e-05	2.569504e-05
1.280000e+02	1.320000e+02	2.171706e-04	2.474888e-05	2.474888e-05
1.320000e+02	1.360000e+02	1.748646e-04	2.220783e-05	2.220783e-05
1.360000e+02	1.400000e+02	1.466607e-04	2.033818e-05	2.033818e-05
1.400000e+02	1.440000e+02	1.128159e-04	1.783776e-05	1.783776e-05
1.440000e+02	1.480000e+02	7.897113e-05	1.492414e-05	1.492414e-05
1.480000e+02	1.520000e+02	6.768952e-05	1.381707e-05	1.381707e-05
1.520000e+02	1.560000e+02	6.486915e-05	1.352615e-05	1.352615e-05
1.560000e+02	1.600000e+02	6.768952e-05	1.381707e-05	1.381707e-05
1.600000e+02	1.640000e+02	4.794675e-05	1.162880e-05	1.162880e-05
1.640000e+02	1.680000e+02	3.666515e-05	1.016909e-05	1.016909e-05
1.680000e+02	1.720000e+02	4.794675e-05	1.162880e-05	1.162880e-05
1.720000e+02	1.760000e+02	2.820398e-05	8.918877e-06	8.918877e-06
1.760000e+02	1.800000e+02	2.538358e-05	8.461191e-06	8.461191e-06
1.800000e+02	1.840000e+02	2.256318e-05	7.977288e-06	7.977288e-06
1.840000e+02	1.880000e+02	2.538358e-05	8.461191e-06	8.461191e-06
1.880000e+02	1.920000e+02	1.974278e-05	7.462070e-06	7.462070e-06
1.920000e+02	1.960000e+02	1.692239e-05	6.908534e-06	6.908534e-06
1.960000e+02	2.000000e+02	1.410199e-05	6.306600e-06	6.306600e-06
# END HISTO1D

