# BEGIN PLOT
LegendOnly=//data/petr/main_analysis/jet-analysis/13000/13000.yoda/MC_DIJET_PB/FastJets08Phi
DrawOnly=//data/petr/main_analysis/jet-analysis/13000/13000.yoda/MC_DIJET_PB/FastJets08Phi
Title=Azimuthal distribution of FastJets08 nocut
LogY=0
XLabel=$\phi$
LineColor=green
YLabel=$1/\sigma \; \mathrm{d}\sigma/\mathrm{d}\phi$
LegendYPos=0.5
Legend=1
# END PLOT

# BEGIN HISTO1D //data/petr/main_analysis/jet-analysis/13000/13000.yoda/MC_DIJET_PB/FastJets08Phi
LineColor=red
LineStyle=solid
Path=//data/petr/main_analysis/jet-analysis/13000/13000.yoda/MC_DIJET_PB/FastJets08Phi
ScaledBy=1.07866719880915143e-05
Title=13000
XLabel=
YLabel=
# xlow	 xhigh	 val	 errminus	 errplus
0.000000e+00	1.256637e-01	1.540785e-01	3.636720e-03	3.636720e-03
1.256637e-01	2.513274e-01	1.601730e-01	3.707947e-03	3.707947e-03
2.513274e-01	3.769911e-01	1.581987e-01	3.685024e-03	3.685024e-03
3.769911e-01	5.026548e-01	1.584562e-01	3.688022e-03	3.688022e-03
5.026548e-01	6.283185e-01	1.532201e-01	3.626576e-03	3.626576e-03
6.283185e-01	7.539822e-01	1.636065e-01	3.747478e-03	3.747478e-03
7.539822e-01	8.796459e-01	1.629198e-01	3.739605e-03	3.739605e-03
8.796459e-01	1.005310e+00	1.600008e-01	3.705947e-03	3.705947e-03
1.005310e+00	1.130973e+00	1.606030e-01	3.712931e-03	3.712931e-03
1.130973e+00	1.256637e+00	1.561383e-01	3.660943e-03	3.660943e-03
1.256637e+00	1.382301e+00	1.677263e-01	3.794363e-03	3.794363e-03
1.382301e+00	1.507964e+00	1.588863e-01	3.693034e-03	3.693034e-03
1.507964e+00	1.633628e+00	1.548507e-01	3.645817e-03	3.645817e-03
1.633628e+00	1.759292e+00	1.625760e-01	3.735654e-03	3.735654e-03
1.759292e+00	1.884956e+00	1.653228e-01	3.767079e-03	3.767079e-03
1.884956e+00	2.010619e+00	1.572554e-01	3.674031e-03	3.674031e-03
2.010619e+00	2.136283e+00	1.615460e-01	3.723800e-03	3.723800e-03
2.136283e+00	2.261947e+00	1.558808e-01	3.657923e-03	3.657923e-03
2.261947e+00	2.387610e+00	1.585430e-01	3.689041e-03	3.689041e-03
2.387610e+00	2.513274e+00	1.579409e-01	3.682014e-03	3.682014e-03
2.513274e+00	2.638938e+00	1.580266e-01	3.683015e-03	3.683015e-03
2.638938e+00	2.764602e+00	1.665246e-01	3.780746e-03	3.780746e-03
2.764602e+00	2.890265e+00	1.545086e-01	3.641802e-03	3.641802e-03
2.890265e+00	3.015929e+00	1.555374e-01	3.653892e-03	3.653892e-03
3.015929e+00	3.141593e+00	1.602584e-01	3.708931e-03	3.708931e-03
3.141593e+00	3.267256e+00	1.576845e-01	3.679041e-03	3.679041e-03
3.267256e+00	3.392920e+00	1.618035e-01	3.726767e-03	3.726767e-03
3.392920e+00	3.518584e+00	1.613743e-01	3.721821e-03	3.721821e-03
3.518584e+00	3.644247e+00	1.558820e-01	3.657952e-03	3.657952e-03
3.644247e+00	3.769911e+00	1.525331e-01	3.618431e-03	3.618431e-03
3.769911e+00	3.895575e+00	1.584558e-01	3.688013e-03	3.688013e-03
3.895575e+00	4.021239e+00	1.631769e-01	3.742550e-03	3.742550e-03
4.021239e+00	4.146902e+00	1.587147e-01	3.691038e-03	3.691038e-03
4.146902e+00	4.272566e+00	1.619752e-01	3.728744e-03	3.728744e-03
4.272566e+00	4.398230e+00	1.557949e-01	3.656915e-03	3.656915e-03
4.398230e+00	4.523893e+00	1.564829e-01	3.664995e-03	3.664995e-03
4.523893e+00	4.649557e+00	1.633485e-01	3.744518e-03	3.744518e-03
4.649557e+00	4.775221e+00	1.587133e-01	3.691009e-03	3.691009e-03
4.775221e+00	4.900885e+00	1.563957e-01	3.663961e-03	3.663961e-03
4.900885e+00	5.026548e+00	1.582854e-01	3.686044e-03	3.686044e-03
5.026548e+00	5.152212e+00	1.618893e-01	3.727755e-03	3.727755e-03
5.152212e+00	5.277876e+00	1.610310e-01	3.717860e-03	3.717860e-03
5.277876e+00	5.403539e+00	1.693585e-01	3.812796e-03	3.812796e-03
5.403539e+00	5.529203e+00	1.577692e-01	3.680013e-03	3.680013e-03
5.529203e+00	5.654867e+00	1.496146e-01	3.583647e-03	3.583647e-03
5.654867e+00	5.780530e+00	1.636073e-01	3.747499e-03	3.747499e-03
5.780530e+00	5.906194e+00	1.549366e-01	3.646827e-03	3.646827e-03
5.906194e+00	6.031858e+00	1.589709e-01	3.694001e-03	3.694001e-03
6.031858e+00	6.157522e+00	1.625761e-01	3.735653e-03	3.735653e-03
6.157522e+00	6.283185e+00	1.545944e-01	3.642813e-03	3.642813e-03
# END HISTO1D

