# BEGIN PLOT
LegendOnly=//data/petr/main_analysis/jet-analysis/13000/13000.yoda/MC_DIJET_PB/FastJets08PtLeading
XLabel=$\text{P}_{\text{t}}$ [GeV]
LineColor=green
YLabel=Number of events (normalized)
DrawOnly=//data/petr/main_analysis/jet-analysis/13000/13000.yoda/MC_DIJET_PB/FastJets08PtLeading
Title=All jets, R = 0.8, nocut
Legend=1
LogY=0
# END PLOT

# BEGIN HISTO1D //data/petr/main_analysis/jet-analysis/13000/13000.yoda/MC_DIJET_PB/FastJets08PtLeading
LineColor=red
LineStyle=solid
Path=//data/petr/main_analysis/jet-analysis/13000/13000.yoda/MC_DIJET_PB/FastJets08PtLeading
ScaledBy=1.50477766909939060e-05
Title=13000
XLabel=
YLabel=
# xlow	 xhigh	 val	 errminus	 errplus
0.000000e+00	4.000000e+00	0.000000e+00	0.000000e+00	0.000000e+00
4.000000e+00	8.000000e+00	0.000000e+00	0.000000e+00	0.000000e+00
8.000000e+00	1.200000e+01	0.000000e+00	0.000000e+00	0.000000e+00
1.200000e+01	1.600000e+01	0.000000e+00	0.000000e+00	0.000000e+00
1.600000e+01	2.000000e+01	0.000000e+00	0.000000e+00	0.000000e+00
2.000000e+01	2.400000e+01	3.853735e-02	3.807563e-04	3.807563e-04
2.400000e+01	2.800000e+01	3.307877e-02	3.527613e-04	3.527613e-04
2.800000e+01	3.200000e+01	2.848920e-02	3.273756e-04	3.273756e-04
3.200000e+01	3.600000e+01	2.474983e-02	3.051352e-04	3.051352e-04
3.600000e+01	4.000000e+01	2.053645e-02	2.779514e-04	2.779514e-04
4.000000e+01	4.400000e+01	1.676699e-02	2.511502e-04	2.511502e-04
4.400000e+01	4.800000e+01	1.393048e-02	2.289229e-04	2.289229e-04
4.800000e+01	5.200000e+01	1.148522e-02	2.078623e-04	2.078623e-04
5.200000e+01	5.600000e+01	9.743438e-03	1.914530e-04	1.914530e-04
5.600000e+01	6.000000e+01	8.261230e-03	1.762903e-04	1.762903e-04
6.000000e+01	6.400000e+01	7.204123e-03	1.646254e-04	1.646254e-04
6.400000e+01	6.800000e+01	5.977730e-03	1.499596e-04	1.499596e-04
6.800000e+01	7.200000e+01	4.958242e-03	1.365746e-04	1.365746e-04
7.200000e+01	7.600000e+01	3.946280e-03	1.218429e-04	1.218429e-04
7.600000e+01	8.000000e+01	3.570085e-03	1.158899e-04	1.158899e-04
8.000000e+01	8.400000e+01	3.092317e-03	1.078570e-04	1.078570e-04
8.400000e+01	8.800000e+01	2.640885e-03	9.967378e-05	9.967378e-05
8.800000e+01	9.200000e+01	2.362501e-03	9.427404e-05	9.427404e-05
9.200000e+01	9.600000e+01	1.918592e-03	8.495664e-05	8.495664e-05
9.600000e+01	1.000000e+02	1.339252e-03	7.098022e-05	7.098022e-05
1.000000e+02	1.040000e+02	1.090964e-03	6.406361e-05	6.406361e-05
1.040000e+02	1.080000e+02	1.154917e-03	6.591458e-05	6.591458e-05
1.080000e+02	1.120000e+02	8.313898e-04	5.592532e-05	5.592532e-05
1.120000e+02	1.160000e+02	6.959598e-04	5.116797e-05	5.116797e-05
1.160000e+02	1.200000e+02	5.567678e-04	4.576603e-05	4.576603e-05
1.200000e+02	1.240000e+02	3.987660e-04	3.873158e-05	3.873158e-05
1.240000e+02	1.280000e+02	4.025280e-04	3.891386e-05	3.891386e-05
1.280000e+02	1.320000e+02	3.009555e-04	3.364785e-05	3.364785e-05
1.320000e+02	1.360000e+02	2.708600e-04	3.192115e-05	3.192115e-05
1.360000e+02	1.400000e+02	2.595740e-04	3.124906e-05	3.124906e-05
1.400000e+02	1.440000e+02	2.370025e-04	2.985950e-05	2.985950e-05
1.440000e+02	1.480000e+02	1.542397e-04	2.408819e-05	2.408819e-05
1.480000e+02	1.520000e+02	1.542397e-04	2.408819e-05	2.408819e-05
1.520000e+02	1.560000e+02	1.203822e-04	2.128077e-05	2.128077e-05
1.560000e+02	1.600000e+02	1.241441e-04	2.161072e-05	2.161072e-05
1.600000e+02	1.640000e+02	6.019110e-05	1.504778e-05	1.504778e-05
1.640000e+02	1.680000e+02	7.900083e-05	1.723939e-05	1.723939e-05
1.680000e+02	1.720000e+02	7.900083e-05	1.723939e-05	1.723939e-05
1.720000e+02	1.760000e+02	5.642915e-05	1.456995e-05	1.456995e-05
1.760000e+02	1.800000e+02	7.147692e-05	1.639793e-05	1.639793e-05
1.800000e+02	1.840000e+02	3.761943e-05	1.189631e-05	1.189631e-05
1.840000e+02	1.880000e+02	4.514335e-05	1.303176e-05	1.303176e-05
1.880000e+02	1.920000e+02	1.880972e-05	8.411963e-06	8.411963e-06
1.920000e+02	1.960000e+02	1.880972e-05	8.411963e-06	8.411963e-06
1.960000e+02	2.000000e+02	2.633360e-05	9.953168e-06	9.953168e-06
# END HISTO1D

