# BEGIN PLOT
LegendOnly=//data/petr/main_analysis/jet-analysis/13000/13000.yoda/MC_DIJET_PB/FastJets02WidhtLam
DrawOnly=//data/petr/main_analysis/jet-analysis/13000/13000.yoda/MC_DIJET_PB/FastJets02WidhtLam
Legend=1
LogY=1
# END PLOT

# BEGIN HISTO1D //data/petr/main_analysis/jet-analysis/13000/13000.yoda/MC_DIJET_PB/FastJets02WidhtLam
LineColor=red
LineStyle=solid
Path=//data/petr/main_analysis/jet-analysis/13000/13000.yoda/MC_DIJET_PB/FastJets02WidhtLam
ScaledBy=4.78102887741441960e-05
Title=13000
XLabel=
YLabel=
# xlow	 xhigh	 val	 errminus	 errplus
0.000000e+00	4.000000e-03	7.171542e-02	2.927770e-02	2.927770e-02
4.000000e-03	8.000000e-03	1.195257e-02	1.195257e-02	1.195257e-02
8.000000e-03	1.200000e-02	2.390514e-02	1.690349e-02	1.690349e-02
1.200000e-02	1.600000e-02	2.390514e-02	1.690349e-02	1.690349e-02
1.600000e-02	2.000000e-02	7.171542e-02	2.927770e-02	2.927770e-02
2.000000e-02	2.400000e-02	3.585773e-02	2.070246e-02	2.070246e-02
2.400000e-02	2.800000e-02	3.585773e-02	2.070246e-02	2.070246e-02
2.800000e-02	3.200000e-02	1.195257e-01	3.779735e-02	3.779735e-02
3.200000e-02	3.600000e-02	1.314783e-01	3.964220e-02	3.964220e-02
3.600000e-02	4.000000e-02	9.562057e-02	3.380698e-02	3.380698e-02
4.000000e-02	4.400000e-02	9.562058e-02	3.380698e-02	3.380698e-02
4.400000e-02	4.800000e-02	2.031937e-01	4.928172e-02	4.928172e-02
4.800000e-02	5.200000e-02	2.510040e-01	5.477357e-02	5.477357e-02
5.200000e-02	5.600000e-02	2.270989e-01	5.210005e-02	5.210005e-02
5.600000e-02	6.000000e-02	3.944350e-01	6.866230e-02	6.866230e-02
6.000000e-02	6.400000e-02	4.063875e-01	6.969488e-02	6.969488e-02
6.400000e-02	6.800000e-02	3.824822e-01	6.761395e-02	6.761395e-02
6.800000e-02	7.200000e-02	2.868618e-01	5.855541e-02	5.855541e-02
7.200000e-02	7.600000e-02	4.541977e-01	7.368059e-02	7.368059e-02
7.600000e-02	8.000000e-02	4.661502e-01	7.464379e-02	7.464379e-02
8.000000e-02	8.400000e-02	5.737235e-01	8.280983e-02	8.280983e-02
8.400000e-02	8.800000e-02	5.976288e-01	8.451745e-02	8.451745e-02
8.800000e-02	9.200000e-02	7.410595e-01	9.411466e-02	9.411466e-02
9.200000e-02	9.600000e-02	6.334862e-01	8.701605e-02	8.701605e-02
9.600000e-02	1.000000e-01	8.247275e-01	9.928551e-02	9.928551e-02
1.000000e-01	1.040000e-01	9.083955e-01	1.042001e-01	1.042001e-01
1.040000e-01	1.080000e-01	6.812965e-01	9.023996e-02	9.023996e-02
1.080000e-01	1.120000e-01	8.964427e-01	1.035123e-01	1.035123e-01
1.120000e-01	1.160000e-01	1.039874e+00	1.114862e-01	1.114862e-01
1.160000e-01	1.200000e-01	7.410595e-01	9.411466e-02	9.411466e-02
1.200000e-01	1.240000e-01	1.135494e+00	1.164993e-01	1.164993e-01
1.240000e-01	1.280000e-01	1.051826e+00	1.121251e-01	1.121251e-01
1.280000e-01	1.320000e-01	1.302830e+00	1.247885e-01	1.247885e-01
1.320000e-01	1.360000e-01	1.362593e+00	1.276185e-01	1.276185e-01
1.360000e-01	1.400000e-01	1.278925e+00	1.236384e-01	1.236384e-01
1.400000e-01	1.440000e-01	1.506024e+00	1.341673e-01	1.341673e-01
1.440000e-01	1.480000e-01	1.506024e+00	1.341673e-01	1.341673e-01
1.480000e-01	1.520000e-01	1.589692e+00	1.378438e-01	1.378438e-01
1.520000e-01	1.560000e-01	1.565787e+00	1.368034e-01	1.368034e-01
1.560000e-01	1.600000e-01	1.529929e+00	1.352279e-01	1.352279e-01
1.600000e-01	1.640000e-01	1.757028e+00	1.449172e-01	1.449172e-01
1.640000e-01	1.680000e-01	1.816791e+00	1.473612e-01	1.473612e-01
1.680000e-01	1.720000e-01	1.816791e+00	1.473612e-01	1.473612e-01
1.720000e-01	1.760000e-01	1.553834e+00	1.362803e-01	1.362803e-01
1.760000e-01	1.800000e-01	2.067795e+00	1.572115e-01	1.572115e-01
1.800000e-01	1.840000e-01	2.091700e+00	1.581177e-01	1.581177e-01
1.840000e-01	1.880000e-01	1.948269e+00	1.526002e-01	1.526002e-01
1.880000e-01	1.920000e-01	2.043890e+00	1.563002e-01	1.563002e-01
1.920000e-01	1.960000e-01	2.282941e+00	1.651878e-01	1.651878e-01
1.960000e-01	2.000000e-01	2.498087e+00	1.727963e-01	1.727963e-01
2.000000e-01	2.040000e-01	2.510040e+00	1.732092e-01	1.732092e-01
2.040000e-01	2.080000e-01	2.533945e+00	1.740321e-01	1.740321e-01
2.080000e-01	2.120000e-01	2.306846e+00	1.660504e-01	1.660504e-01
2.120000e-01	2.160000e-01	2.282941e+00	1.651878e-01	1.651878e-01
2.160000e-01	2.200000e-01	2.545897e+00	1.744420e-01	1.744420e-01
2.200000e-01	2.240000e-01	2.653472e+00	1.780893e-01	1.780893e-01
2.240000e-01	2.280000e-01	2.665425e+00	1.784900e-01	1.784900e-01
2.280000e-01	2.320000e-01	2.557850e+00	1.748510e-01	1.748510e-01
2.320000e-01	2.360000e-01	2.665425e+00	1.784900e-01	1.784900e-01
2.360000e-01	2.400000e-01	2.749092e+00	1.812697e-01	1.812697e-01
2.400000e-01	2.440000e-01	2.892522e+00	1.859383e-01	1.859383e-01
2.440000e-01	2.480000e-01	2.952285e+00	1.878494e-01	1.878494e-01
2.480000e-01	2.520000e-01	2.964237e+00	1.882293e-01	1.882293e-01
2.520000e-01	2.560000e-01	2.749090e+00	1.812697e-01	1.812697e-01
2.560000e-01	2.600000e-01	3.514055e+00	2.049439e-01	2.049439e-01
2.600000e-01	2.640000e-01	3.227195e+00	1.964008e-01	1.964008e-01
2.640000e-01	2.680000e-01	2.880570e+00	1.855538e-01	1.855538e-01
2.680000e-01	2.720000e-01	3.215242e+00	1.960367e-01	1.960367e-01
2.720000e-01	2.760000e-01	3.119620e+00	1.930997e-01	1.930997e-01
2.760000e-01	2.800000e-01	3.143527e+00	1.938382e-01	1.938382e-01
2.800000e-01	2.840000e-01	3.275005e+00	1.978503e-01	1.978503e-01
2.840000e-01	2.880000e-01	3.227195e+00	1.964008e-01	1.964008e-01
2.880000e-01	2.920000e-01	3.442340e+00	2.028419e-01	2.028419e-01
2.920000e-01	2.960000e-01	3.143527e+00	1.938381e-01	1.938381e-01
2.960000e-01	3.000000e-01	3.239145e+00	1.967642e-01	1.967642e-01
3.000000e-01	3.040000e-01	3.131575e+00	1.934693e-01	1.934693e-01
3.040000e-01	3.080000e-01	3.490152e+00	2.042456e-01	2.042456e-01
3.080000e-01	3.120000e-01	3.263052e+00	1.974889e-01	1.974889e-01
3.120000e-01	3.160000e-01	3.083762e+00	1.919867e-01	1.919867e-01
3.160000e-01	3.200000e-01	3.179382e+00	1.949406e-01	1.949406e-01
3.200000e-01	3.240000e-01	3.275005e+00	1.978503e-01	1.978503e-01
3.240000e-01	3.280000e-01	3.275005e+00	1.978503e-01	1.978503e-01
3.280000e-01	3.320000e-01	3.191335e+00	1.953066e-01	1.953066e-01
3.320000e-01	3.360000e-01	3.095715e+00	1.923585e-01	1.923585e-01
3.360000e-01	3.400000e-01	3.107670e+00	1.927294e-01	1.927294e-01
3.400000e-01	3.440000e-01	2.749093e+00	1.812697e-01	1.812697e-01
3.440000e-01	3.480000e-01	3.430390e+00	2.024894e-01	2.024894e-01
3.480000e-01	3.520000e-01	3.000095e+00	1.893643e-01	1.893643e-01
3.520000e-01	3.560000e-01	3.239147e+00	1.967642e-01	1.967642e-01
3.560000e-01	3.600000e-01	3.107667e+00	1.927294e-01	1.927294e-01
3.600000e-01	3.640000e-01	2.605660e+00	1.764776e-01	1.764776e-01
3.640000e-01	3.680000e-01	2.880570e+00	1.855538e-01	1.855538e-01
3.680000e-01	3.720000e-01	2.617612e+00	1.768819e-01	1.768819e-01
3.720000e-01	3.760000e-01	2.701280e+00	1.796865e-01	1.796865e-01
3.760000e-01	3.800000e-01	2.904475e+00	1.863222e-01	1.863222e-01
3.800000e-01	3.840000e-01	2.629565e+00	1.772853e-01	1.772853e-01
3.840000e-01	3.880000e-01	2.533945e+00	1.740321e-01	1.740321e-01
3.880000e-01	3.920000e-01	2.605660e+00	1.764776e-01	1.764776e-01
3.920000e-01	3.960000e-01	2.737137e+00	1.808753e-01	1.808753e-01
3.960000e-01	4.000000e-01	2.521992e+00	1.736211e-01	1.736211e-01
4.000000e-01	4.040000e-01	2.450277e+00	1.711348e-01	1.711348e-01
4.040000e-01	4.080000e-01	2.366609e+00	1.681876e-01	1.681876e-01
4.080000e-01	4.120000e-01	2.593707e+00	1.760724e-01	1.760724e-01
4.120000e-01	4.160000e-01	2.247084e+00	1.638854e-01	1.638854e-01
4.160000e-01	4.200000e-01	2.486135e+00	1.723824e-01	1.723824e-01
4.200000e-01	4.240000e-01	2.175368e+00	1.612490e-01	1.612490e-01
4.240000e-01	4.280000e-01	2.163415e+00	1.608054e-01	1.608054e-01
4.280000e-01	4.320000e-01	2.199273e+00	1.621326e-01	1.621326e-01
4.320000e-01	4.360000e-01	2.247083e+00	1.638854e-01	1.638854e-01
4.360000e-01	4.400000e-01	1.948269e+00	1.526002e-01	1.526002e-01
4.400000e-01	4.440000e-01	1.900459e+00	1.507162e-01	1.507162e-01
4.440000e-01	4.480000e-01	1.529929e+00	1.352279e-01	1.352279e-01
4.480000e-01	4.520000e-01	1.864601e+00	1.492876e-01	1.492876e-01
4.520000e-01	4.560000e-01	1.685313e+00	1.419289e-01	1.419289e-01
4.560000e-01	4.600000e-01	1.434308e+00	1.309339e-01	1.309339e-01
4.600000e-01	4.640000e-01	1.900459e+00	1.507162e-01	1.507162e-01
4.640000e-01	4.680000e-01	1.768980e+00	1.454093e-01	1.454093e-01
4.680000e-01	4.720000e-01	1.541882e+00	1.357551e-01	1.357551e-01
4.720000e-01	4.760000e-01	1.517976e+00	1.346986e-01	1.346986e-01
4.760000e-01	4.800000e-01	1.326735e+00	1.259282e-01	1.259282e-01
4.800000e-01	4.840000e-01	1.326735e+00	1.259282e-01	1.259282e-01
4.840000e-01	4.880000e-01	1.123542e+00	1.158845e-01	1.158845e-01
4.880000e-01	4.920000e-01	1.099637e+00	1.146451e-01	1.146451e-01
4.920000e-01	4.960000e-01	1.051826e+00	1.121251e-01	1.121251e-01
4.960000e-01	5.000000e-01	1.051826e+00	1.121251e-01	1.121251e-01
5.000000e-01	5.040000e-01	8.486327e-01	1.007142e-01	1.007142e-01
5.040000e-01	5.080000e-01	8.247275e-01	9.928551e-02	9.928551e-02
5.080000e-01	5.120000e-01	1.099637e+00	1.146451e-01	1.146451e-01
5.120000e-01	5.160000e-01	9.323007e-01	1.055623e-01	1.055623e-01
5.160000e-01	5.200000e-01	8.008222e-01	9.783602e-02	9.783602e-02
5.200000e-01	5.240000e-01	6.454390e-01	8.783312e-02	8.783312e-02
5.240000e-01	5.280000e-01	5.617707e-01	8.194270e-02	8.194270e-02
5.280000e-01	5.320000e-01	5.498185e-01	8.106629e-02	8.106629e-02
5.320000e-01	5.360000e-01	5.856760e-01	8.366802e-02	8.366802e-02
5.360000e-01	5.400000e-01	6.334865e-01	8.701605e-02	8.701605e-02
5.400000e-01	5.440000e-01	4.302927e-01	7.171543e-02	7.171543e-02
5.440000e-01	5.480000e-01	3.466245e-01	6.436657e-02	6.436657e-02
5.480000e-01	5.520000e-01	3.824825e-01	6.761396e-02	6.761396e-02
5.520000e-01	5.560000e-01	4.302927e-01	7.171543e-02	7.171543e-02
5.560000e-01	5.600000e-01	3.227195e-01	6.210738e-02	6.210738e-02
5.600000e-01	5.640000e-01	3.227195e-01	6.210739e-02	6.210739e-02
5.640000e-01	5.680000e-01	2.749090e-01	5.732252e-02	5.732252e-02
5.680000e-01	5.720000e-01	3.585772e-01	6.546694e-02	6.546694e-02
5.720000e-01	5.760000e-01	2.151463e-01	5.071047e-02	5.071047e-02
5.760000e-01	5.800000e-01	2.749090e-01	5.732253e-02	5.732253e-02
5.800000e-01	5.840000e-01	2.390514e-01	5.345353e-02	5.345353e-02
5.840000e-01	5.880000e-01	1.792886e-01	4.629212e-02	4.629212e-02
5.880000e-01	5.920000e-01	1.553834e-01	4.309561e-02	4.309561e-02
5.920000e-01	5.960000e-01	1.792886e-01	4.629212e-02	4.629212e-02
5.960000e-01	6.000000e-01	1.673360e-01	4.472243e-02	4.472243e-02
6.000000e-01	6.040000e-01	1.195257e-01	3.779735e-02	3.779735e-02
6.040000e-01	6.080000e-01	1.075731e-01	3.585771e-02	3.585771e-02
6.080000e-01	6.120000e-01	8.366800e-02	3.162354e-02	3.162354e-02
6.120000e-01	6.160000e-01	1.314783e-01	3.964220e-02	3.964220e-02
6.160000e-01	6.200000e-01	9.562057e-02	3.380698e-02	3.380698e-02
6.200000e-01	6.240000e-01	7.171542e-02	2.927770e-02	2.927770e-02
6.240000e-01	6.280000e-01	8.366800e-02	3.162354e-02	3.162354e-02
6.280000e-01	6.320000e-01	9.562057e-02	3.380698e-02	3.380698e-02
6.320000e-01	6.360000e-01	5.976285e-02	2.672677e-02	2.672677e-02
6.360000e-01	6.400000e-01	4.781027e-02	2.390514e-02	2.390514e-02
6.400000e-01	6.440000e-01	2.390515e-02	1.690349e-02	1.690349e-02
6.440000e-01	6.480000e-01	2.390515e-02	1.690349e-02	1.690349e-02
6.480000e-01	6.520000e-01	5.976285e-02	2.672677e-02	2.672677e-02
6.520000e-01	6.560000e-01	2.390514e-02	1.690349e-02	1.690349e-02
6.560000e-01	6.600000e-01	5.976285e-02	2.672677e-02	2.672677e-02
6.600000e-01	6.640000e-01	2.390514e-02	1.690349e-02	1.690349e-02
6.640000e-01	6.680000e-01	4.781030e-02	2.390514e-02	2.390514e-02
6.680000e-01	6.720000e-01	1.195257e-02	1.195257e-02	1.195257e-02
6.720000e-01	6.760000e-01	0.000000e+00	0.000000e+00	0.000000e+00
6.760000e-01	6.800000e-01	1.195257e-02	1.195257e-02	1.195257e-02
6.800000e-01	6.840000e-01	1.195257e-02	1.195257e-02	1.195257e-02
6.840000e-01	6.880000e-01	1.195257e-02	1.195257e-02	1.195257e-02
6.880000e-01	6.920000e-01	0.000000e+00	0.000000e+00	0.000000e+00
6.920000e-01	6.960000e-01	1.195257e-02	1.195257e-02	1.195257e-02
6.960000e-01	7.000000e-01	1.195257e-02	1.195257e-02	1.195257e-02
7.000000e-01	7.040000e-01	0.000000e+00	0.000000e+00	0.000000e+00
7.040000e-01	7.080000e-01	2.390514e-02	1.690349e-02	1.690349e-02
7.080000e-01	7.120000e-01	1.195257e-02	1.195257e-02	1.195257e-02
7.120000e-01	7.160000e-01	0.000000e+00	0.000000e+00	0.000000e+00
7.160000e-01	7.200000e-01	0.000000e+00	0.000000e+00	0.000000e+00
7.200000e-01	7.240000e-01	0.000000e+00	0.000000e+00	0.000000e+00
7.240000e-01	7.280000e-01	0.000000e+00	0.000000e+00	0.000000e+00
7.280000e-01	7.320000e-01	1.195257e-02	1.195257e-02	1.195257e-02
7.320000e-01	7.360000e-01	1.195257e-02	1.195257e-02	1.195257e-02
7.360000e-01	7.400000e-01	0.000000e+00	0.000000e+00	0.000000e+00
7.400000e-01	7.440000e-01	0.000000e+00	0.000000e+00	0.000000e+00
7.440000e-01	7.480000e-01	0.000000e+00	0.000000e+00	0.000000e+00
7.480000e-01	7.520000e-01	0.000000e+00	0.000000e+00	0.000000e+00
7.520000e-01	7.560000e-01	0.000000e+00	0.000000e+00	0.000000e+00
7.560000e-01	7.600000e-01	0.000000e+00	0.000000e+00	0.000000e+00
7.600000e-01	7.640000e-01	0.000000e+00	0.000000e+00	0.000000e+00
7.640000e-01	7.680000e-01	0.000000e+00	0.000000e+00	0.000000e+00
7.680000e-01	7.720000e-01	0.000000e+00	0.000000e+00	0.000000e+00
7.720000e-01	7.760000e-01	0.000000e+00	0.000000e+00	0.000000e+00
7.760000e-01	7.800000e-01	0.000000e+00	0.000000e+00	0.000000e+00
7.800000e-01	7.840000e-01	0.000000e+00	0.000000e+00	0.000000e+00
7.840000e-01	7.880000e-01	0.000000e+00	0.000000e+00	0.000000e+00
7.880000e-01	7.920000e-01	0.000000e+00	0.000000e+00	0.000000e+00
7.920000e-01	7.960000e-01	0.000000e+00	0.000000e+00	0.000000e+00
7.960000e-01	8.000000e-01	0.000000e+00	0.000000e+00	0.000000e+00
8.000000e-01	8.040000e-01	0.000000e+00	0.000000e+00	0.000000e+00
8.040000e-01	8.080000e-01	0.000000e+00	0.000000e+00	0.000000e+00
8.080000e-01	8.120000e-01	0.000000e+00	0.000000e+00	0.000000e+00
8.120000e-01	8.160000e-01	0.000000e+00	0.000000e+00	0.000000e+00
8.160000e-01	8.200000e-01	0.000000e+00	0.000000e+00	0.000000e+00
8.200000e-01	8.240000e-01	0.000000e+00	0.000000e+00	0.000000e+00
8.240000e-01	8.280000e-01	0.000000e+00	0.000000e+00	0.000000e+00
8.280000e-01	8.320000e-01	0.000000e+00	0.000000e+00	0.000000e+00
8.320000e-01	8.360000e-01	0.000000e+00	0.000000e+00	0.000000e+00
8.360000e-01	8.400000e-01	0.000000e+00	0.000000e+00	0.000000e+00
8.400000e-01	8.440000e-01	0.000000e+00	0.000000e+00	0.000000e+00
8.440000e-01	8.480000e-01	0.000000e+00	0.000000e+00	0.000000e+00
8.480000e-01	8.520000e-01	0.000000e+00	0.000000e+00	0.000000e+00
8.520000e-01	8.560000e-01	0.000000e+00	0.000000e+00	0.000000e+00
8.560000e-01	8.600000e-01	0.000000e+00	0.000000e+00	0.000000e+00
8.600000e-01	8.640000e-01	0.000000e+00	0.000000e+00	0.000000e+00
8.640000e-01	8.680000e-01	0.000000e+00	0.000000e+00	0.000000e+00
8.680000e-01	8.720000e-01	0.000000e+00	0.000000e+00	0.000000e+00
8.720000e-01	8.760000e-01	0.000000e+00	0.000000e+00	0.000000e+00
8.760000e-01	8.800000e-01	0.000000e+00	0.000000e+00	0.000000e+00
8.800000e-01	8.840000e-01	0.000000e+00	0.000000e+00	0.000000e+00
8.840000e-01	8.880000e-01	0.000000e+00	0.000000e+00	0.000000e+00
8.880000e-01	8.920000e-01	0.000000e+00	0.000000e+00	0.000000e+00
8.920000e-01	8.960000e-01	0.000000e+00	0.000000e+00	0.000000e+00
8.960000e-01	9.000000e-01	0.000000e+00	0.000000e+00	0.000000e+00
9.000000e-01	9.040000e-01	0.000000e+00	0.000000e+00	0.000000e+00
9.040000e-01	9.080000e-01	0.000000e+00	0.000000e+00	0.000000e+00
9.080000e-01	9.120000e-01	0.000000e+00	0.000000e+00	0.000000e+00
9.120000e-01	9.160000e-01	0.000000e+00	0.000000e+00	0.000000e+00
9.160000e-01	9.200000e-01	0.000000e+00	0.000000e+00	0.000000e+00
9.200000e-01	9.240000e-01	0.000000e+00	0.000000e+00	0.000000e+00
9.240000e-01	9.280000e-01	0.000000e+00	0.000000e+00	0.000000e+00
9.280000e-01	9.320000e-01	0.000000e+00	0.000000e+00	0.000000e+00
9.320000e-01	9.360000e-01	0.000000e+00	0.000000e+00	0.000000e+00
9.360000e-01	9.400000e-01	0.000000e+00	0.000000e+00	0.000000e+00
9.400000e-01	9.440000e-01	0.000000e+00	0.000000e+00	0.000000e+00
9.440000e-01	9.480000e-01	0.000000e+00	0.000000e+00	0.000000e+00
9.480000e-01	9.520000e-01	0.000000e+00	0.000000e+00	0.000000e+00
9.520000e-01	9.560000e-01	0.000000e+00	0.000000e+00	0.000000e+00
9.560000e-01	9.600000e-01	0.000000e+00	0.000000e+00	0.000000e+00
9.600000e-01	9.640000e-01	0.000000e+00	0.000000e+00	0.000000e+00
9.640000e-01	9.680000e-01	0.000000e+00	0.000000e+00	0.000000e+00
9.680000e-01	9.720000e-01	0.000000e+00	0.000000e+00	0.000000e+00
9.720000e-01	9.760000e-01	0.000000e+00	0.000000e+00	0.000000e+00
9.760000e-01	9.800000e-01	0.000000e+00	0.000000e+00	0.000000e+00
9.800000e-01	9.840000e-01	0.000000e+00	0.000000e+00	0.000000e+00
9.840000e-01	9.880000e-01	0.000000e+00	0.000000e+00	0.000000e+00
9.880000e-01	9.920000e-01	0.000000e+00	0.000000e+00	0.000000e+00
9.920000e-01	9.960000e-01	0.000000e+00	0.000000e+00	0.000000e+00
9.960000e-01	1.000000e+00	0.000000e+00	0.000000e+00	0.000000e+00
# END HISTO1D

