# BEGIN PLOT
LegendOnly=//data/petr/main_analysis/jet-analysis/13000/13000.yoda/MC_DIJET_PB/FastJets08LhaLam
XLabel=$N$
LineColor=green
YLabel=Number of events (normalized)
DrawOnly=//data/petr/main_analysis/jet-analysis/13000/13000.yoda/MC_DIJET_PB/FastJets08LhaLam
Title=$\lambda_{LHA}$ of FastJets R = 0.8, no cut
Legend=1
LogY=1
# END PLOT

# BEGIN HISTO1D //data/petr/main_analysis/jet-analysis/13000/13000.yoda/MC_DIJET_PB/FastJets08LhaLam
LineColor=red
LineStyle=solid
Path=//data/petr/main_analysis/jet-analysis/13000/13000.yoda/MC_DIJET_PB/FastJets08LhaLam
ScaledBy=1.07866719880915143e-05
Title=13000
XLabel=
YLabel=
# xlow	 xhigh	 val	 errminus	 errplus
0.000000e+00	4.000000e-03	0.000000e+00	0.000000e+00	0.000000e+00
4.000000e-03	8.000000e-03	0.000000e+00	0.000000e+00	0.000000e+00
8.000000e-03	1.200000e-02	2.696667e-03	2.696668e-03	2.696668e-03
1.200000e-02	1.600000e-02	0.000000e+00	0.000000e+00	0.000000e+00
1.600000e-02	2.000000e-02	0.000000e+00	0.000000e+00	0.000000e+00
2.000000e-02	2.400000e-02	0.000000e+00	0.000000e+00	0.000000e+00
2.400000e-02	2.800000e-02	0.000000e+00	0.000000e+00	0.000000e+00
2.800000e-02	3.200000e-02	0.000000e+00	0.000000e+00	0.000000e+00
3.200000e-02	3.600000e-02	0.000000e+00	0.000000e+00	0.000000e+00
3.600000e-02	4.000000e-02	2.696667e-03	2.696668e-03	2.696668e-03
4.000000e-02	4.400000e-02	2.696668e-03	2.696668e-03	2.696668e-03
4.400000e-02	4.800000e-02	2.696667e-03	2.696668e-03	2.696668e-03
4.800000e-02	5.200000e-02	0.000000e+00	0.000000e+00	0.000000e+00
5.200000e-02	5.600000e-02	0.000000e+00	0.000000e+00	0.000000e+00
5.600000e-02	6.000000e-02	0.000000e+00	0.000000e+00	0.000000e+00
6.000000e-02	6.400000e-02	0.000000e+00	0.000000e+00	0.000000e+00
6.400000e-02	6.800000e-02	0.000000e+00	0.000000e+00	0.000000e+00
6.800000e-02	7.200000e-02	2.696668e-03	2.696668e-03	2.696668e-03
7.200000e-02	7.600000e-02	2.696667e-03	2.696668e-03	2.696668e-03
7.600000e-02	8.000000e-02	2.696667e-03	2.696668e-03	2.696668e-03
8.000000e-02	8.400000e-02	0.000000e+00	0.000000e+00	0.000000e+00
8.400000e-02	8.800000e-02	8.090005e-03	4.670766e-03	4.670766e-03
8.800000e-02	9.200000e-02	1.078667e-02	5.393336e-03	5.393336e-03
9.200000e-02	9.600000e-02	1.618001e-02	6.605460e-03	6.605460e-03
9.600000e-02	1.000000e-01	8.090005e-03	4.670766e-03	4.670766e-03
1.000000e-01	1.040000e-01	1.618001e-02	6.605460e-03	6.605460e-03
1.040000e-01	1.080000e-01	2.427001e-02	8.090005e-03	8.090005e-03
1.080000e-01	1.120000e-01	5.393335e-03	3.813665e-03	3.813665e-03
1.120000e-01	1.160000e-01	3.505667e-02	9.722975e-03	9.722975e-03
1.160000e-01	1.200000e-01	2.427002e-02	8.090005e-03	8.090005e-03
1.200000e-01	1.240000e-01	2.157334e-02	7.627329e-03	7.627329e-03
1.240000e-01	1.280000e-01	2.696667e-02	8.527613e-03	8.527613e-03
1.280000e-01	1.320000e-01	4.584335e-02	1.111865e-02	1.111865e-02
1.320000e-01	1.360000e-01	6.472002e-02	1.321092e-02	1.321092e-02
1.360000e-01	1.400000e-01	4.045002e-02	1.044415e-02	1.044415e-02
1.400000e-01	1.440000e-01	4.584335e-02	1.111865e-02	1.111865e-02
1.440000e-01	1.480000e-01	7.011337e-02	1.375036e-02	1.375036e-02
1.480000e-01	1.520000e-01	5.663002e-02	1.235768e-02	1.235768e-02
1.520000e-01	1.560000e-01	5.393335e-02	1.205987e-02	1.205987e-02
1.560000e-01	1.600000e-01	8.899005e-02	1.549118e-02	1.549118e-02
1.600000e-01	1.640000e-01	8.629337e-02	1.525466e-02	1.525466e-02
1.640000e-01	1.680000e-01	7.011337e-02	1.375036e-02	1.375036e-02
1.680000e-01	1.720000e-01	1.078667e-01	1.705522e-02	1.705522e-02
1.720000e-01	1.760000e-01	1.024734e-01	1.662338e-02	1.662338e-02
1.760000e-01	1.800000e-01	1.132600e-01	1.747640e-02	1.747640e-02
1.800000e-01	1.840000e-01	9.708005e-02	1.618001e-02	1.618001e-02
1.840000e-01	1.880000e-01	1.644967e-01	2.106165e-02	2.106165e-02
1.880000e-01	1.920000e-01	2.049468e-01	2.350900e-02	2.350900e-02
1.920000e-01	1.960000e-01	1.510134e-01	2.018001e-02	2.018001e-02
1.960000e-01	2.000000e-01	2.049468e-01	2.350900e-02	2.350900e-02
2.000000e-01	2.040000e-01	1.941601e-01	2.288199e-02	2.288199e-02
2.040000e-01	2.080000e-01	2.480934e-01	2.586553e-02	2.586553e-02
2.080000e-01	2.120000e-01	2.453968e-01	2.572457e-02	2.572457e-02
2.120000e-01	2.160000e-01	2.346101e-01	2.515285e-02	2.515285e-02
2.160000e-01	2.200000e-01	2.723635e-01	2.710118e-02	2.710118e-02
2.200000e-01	2.240000e-01	3.074202e-01	2.879253e-02	2.879253e-02
2.240000e-01	2.280000e-01	3.101167e-01	2.891854e-02	2.891854e-02
2.280000e-01	2.320000e-01	3.559600e-01	3.098235e-02	3.098235e-02
2.320000e-01	2.360000e-01	3.856235e-01	3.224746e-02	3.224746e-02
2.360000e-01	2.400000e-01	4.233767e-01	3.378915e-02	3.378915e-02
2.400000e-01	2.440000e-01	4.880970e-01	3.627995e-02	3.627995e-02
2.440000e-01	2.480000e-01	5.123667e-01	3.717101e-02	3.717101e-02
2.480000e-01	2.520000e-01	5.285470e-01	3.775335e-02	3.775335e-02
2.520000e-01	2.560000e-01	5.069737e-01	3.697485e-02	3.697485e-02
2.560000e-01	2.600000e-01	5.501202e-01	3.851612e-02	3.851612e-02
2.600000e-01	2.640000e-01	6.094470e-01	4.053981e-02	4.053981e-02
2.640000e-01	2.680000e-01	6.202337e-01	4.089700e-02	4.089700e-02
2.680000e-01	2.720000e-01	6.498970e-01	4.186354e-02	4.186354e-02
2.720000e-01	2.760000e-01	7.173137e-01	4.398132e-02	4.398132e-02
2.760000e-01	2.800000e-01	7.631570e-01	4.536498e-02	4.536498e-02
2.800000e-01	2.840000e-01	7.955170e-01	4.631680e-02	4.631680e-02
2.840000e-01	2.880000e-01	8.116970e-01	4.678544e-02	4.678544e-02
2.880000e-01	2.920000e-01	8.063037e-01	4.662975e-02	4.662975e-02
2.920000e-01	2.960000e-01	8.143937e-01	4.686309e-02	4.686309e-02
2.960000e-01	3.000000e-01	9.573170e-01	5.080912e-02	5.080912e-02
3.000000e-01	3.040000e-01	9.249572e-01	4.994299e-02	4.994299e-02
3.040000e-01	3.080000e-01	9.734972e-01	5.123669e-02	5.123669e-02
3.080000e-01	3.120000e-01	1.102937e+00	5.453674e-02	5.453674e-02
3.120000e-01	3.160000e-01	1.129904e+00	5.519941e-02	5.519941e-02
3.160000e-01	3.200000e-01	1.137994e+00	5.539668e-02	5.539668e-02
3.200000e-01	3.240000e-01	1.156870e+00	5.585424e-02	5.585424e-02
3.240000e-01	3.280000e-01	1.253950e+00	5.815058e-02	5.815058e-02
3.280000e-01	3.320000e-01	1.270131e+00	5.852453e-02	5.852453e-02
3.320000e-01	3.360000e-01	1.208107e+00	5.707770e-02	5.707770e-02
3.360000e-01	3.400000e-01	1.394177e+00	6.131585e-02	6.131585e-02
3.400000e-01	3.440000e-01	1.413054e+00	6.172956e-02	6.172956e-02
3.440000e-01	3.480000e-01	1.386087e+00	6.113768e-02	6.113768e-02
3.480000e-01	3.520000e-01	1.413054e+00	6.172955e-02	6.172955e-02
3.520000e-01	3.560000e-01	1.453504e+00	6.260685e-02	6.260685e-02
3.560000e-01	3.600000e-01	1.431931e+00	6.214050e-02	6.214050e-02
3.600000e-01	3.640000e-01	1.666541e+00	6.703810e-02	6.703810e-02
3.640000e-01	3.680000e-01	1.623394e+00	6.616460e-02	6.616460e-02
3.680000e-01	3.720000e-01	1.644967e+00	6.660279e-02	6.660279e-02
3.720000e-01	3.760000e-01	1.680024e+00	6.730876e-02	6.730876e-02
3.760000e-01	3.800000e-01	1.868791e+00	7.098949e-02	7.098949e-02
3.800000e-01	3.840000e-01	1.949691e+00	7.250979e-02	7.250979e-02
3.840000e-01	3.880000e-01	1.895757e+00	7.149985e-02	7.149985e-02
3.880000e-01	3.920000e-01	1.955084e+00	7.261001e-02	7.261001e-02
3.920000e-01	3.960000e-01	2.017108e+00	7.375276e-02	7.375276e-02
3.960000e-01	4.000000e-01	2.189694e+00	7.684321e-02	7.684321e-02
4.000000e-01	4.040000e-01	2.022501e+00	7.385129e-02	7.385129e-02
4.040000e-01	4.080000e-01	2.262505e+00	7.811033e-02	7.811033e-02
4.080000e-01	4.120000e-01	2.124974e+00	7.569908e-02	7.569908e-02
4.120000e-01	4.160000e-01	2.289470e+00	7.857446e-02	7.857446e-02
4.160000e-01	4.200000e-01	2.216661e+00	7.731494e-02	7.731494e-02
4.200000e-01	4.240000e-01	2.462058e+00	8.148224e-02	8.148224e-02
4.240000e-01	4.280000e-01	2.327224e+00	7.921963e-02	7.921963e-02
4.280000e-01	4.320000e-01	2.459361e+00	8.143759e-02	8.143759e-02
4.320000e-01	4.360000e-01	2.364978e+00	7.985964e-02	7.985964e-02
4.360000e-01	4.400000e-01	2.453968e+00	8.134825e-02	8.134825e-02
4.400000e-01	4.440000e-01	2.470148e+00	8.161598e-02	8.161598e-02
4.440000e-01	4.480000e-01	2.645430e+00	8.446212e-02	8.446212e-02
4.480000e-01	4.520000e-01	2.583407e+00	8.346612e-02	8.346612e-02
4.520000e-01	4.560000e-01	2.545655e+00	8.285401e-02	8.285401e-02
4.560000e-01	4.600000e-01	2.553745e+00	8.298554e-02	8.298554e-02
4.600000e-01	4.640000e-01	2.599587e+00	8.372709e-02	8.372709e-02
4.640000e-01	4.680000e-01	2.815320e+00	8.713201e-02	8.713201e-02
4.680000e-01	4.720000e-01	2.656218e+00	8.463414e-02	8.463414e-02
4.720000e-01	4.760000e-01	2.766782e+00	8.637762e-02	8.637762e-02
4.760000e-01	4.800000e-01	2.801837e+00	8.692310e-02	8.692310e-02
4.800000e-01	4.840000e-01	2.925885e+00	8.882645e-02	8.882645e-02
4.840000e-01	4.880000e-01	2.828805e+00	8.734043e-02	8.734043e-02
4.880000e-01	4.920000e-01	2.866557e+00	8.792131e-02	8.792131e-02
4.920000e-01	4.960000e-01	2.844985e+00	8.758985e-02	8.758985e-02
4.960000e-01	5.000000e-01	2.971727e+00	8.951962e-02	8.951962e-02
5.000000e-01	5.040000e-01	2.888132e+00	8.825152e-02	8.825152e-02
5.040000e-01	5.080000e-01	3.095775e+00	9.136890e-02	9.136890e-02
5.080000e-01	5.120000e-01	3.025662e+00	9.032832e-02	9.032832e-02
5.120000e-01	5.160000e-01	2.936672e+00	8.899003e-02	8.899003e-02
5.160000e-01	5.200000e-01	3.060717e+00	9.085012e-02	9.085012e-02
5.200000e-01	5.240000e-01	3.006785e+00	9.004610e-02	9.004610e-02
5.240000e-01	5.280000e-01	2.995997e+00	8.988444e-02	8.988444e-02
5.280000e-01	5.320000e-01	2.990605e+00	8.980350e-02	8.980350e-02
5.320000e-01	5.360000e-01	3.136225e+00	9.196389e-02	9.196389e-02
5.360000e-01	5.400000e-01	3.111955e+00	9.160735e-02	9.160735e-02
5.400000e-01	5.440000e-01	3.157797e+00	9.227964e-02	9.227964e-02
5.440000e-01	5.480000e-01	3.184765e+00	9.267281e-02	9.267281e-02
5.480000e-01	5.520000e-01	3.217125e+00	9.314246e-02	9.314246e-02
5.520000e-01	5.560000e-01	3.222520e+00	9.322050e-02	9.322050e-02
5.560000e-01	5.600000e-01	3.055325e+00	9.077000e-02	9.077000e-02
5.600000e-01	5.640000e-01	3.149708e+00	9.216137e-02	9.216137e-02
5.640000e-01	5.680000e-01	3.338475e+00	9.488286e-02	9.488286e-02
5.680000e-01	5.720000e-01	3.071505e+00	9.101006e-02	9.101006e-02
5.720000e-01	5.760000e-01	3.125437e+00	9.180560e-02	9.180560e-02
5.760000e-01	5.800000e-01	3.063415e+00	9.089011e-02	9.089011e-02
5.800000e-01	5.840000e-01	3.049932e+00	9.068986e-02	9.068986e-02
5.840000e-01	5.880000e-01	3.047235e+00	9.064977e-02	9.064977e-02
5.880000e-01	5.920000e-01	3.068807e+00	9.097008e-02	9.097008e-02
5.920000e-01	5.960000e-01	3.031055e+00	9.040879e-02	9.040879e-02
5.960000e-01	6.000000e-01	3.122742e+00	9.176597e-02	9.176597e-02
6.000000e-01	6.040000e-01	3.120045e+00	9.172636e-02	9.172636e-02
6.040000e-01	6.080000e-01	2.858467e+00	8.779714e-02	8.779714e-02
6.080000e-01	6.120000e-01	2.850377e+00	8.767283e-02	8.767283e-02
6.120000e-01	6.160000e-01	2.764082e+00	8.633550e-02	8.633550e-02
6.160000e-01	6.200000e-01	2.804535e+00	8.696494e-02	8.696494e-02
6.200000e-01	6.240000e-01	2.626555e+00	8.416023e-02	8.416023e-02
6.240000e-01	6.280000e-01	2.621160e+00	8.407378e-02	8.407378e-02
6.280000e-01	6.320000e-01	2.513295e+00	8.232569e-02	8.232569e-02
6.320000e-01	6.360000e-01	2.515990e+00	8.236986e-02	8.236986e-02
6.360000e-01	6.400000e-01	2.391944e+00	8.031364e-02	8.031364e-02
6.400000e-01	6.440000e-01	2.292168e+00	7.862071e-02	7.862071e-02
6.440000e-01	6.480000e-01	2.116884e+00	7.555484e-02	7.555484e-02
6.480000e-01	6.520000e-01	2.208571e+00	7.717372e-02	7.717372e-02
6.520000e-01	6.560000e-01	2.041377e+00	7.419513e-02	7.419513e-02
6.560000e-01	6.600000e-01	1.766317e+00	6.901574e-02	6.901574e-02
6.600000e-01	6.640000e-01	1.750137e+00	6.869891e-02	6.869891e-02
6.640000e-01	6.680000e-01	1.644967e+00	6.660280e-02	6.660280e-02
6.680000e-01	6.720000e-01	1.434627e+00	6.219899e-02	6.219899e-02
6.720000e-01	6.760000e-01	1.518224e+00	6.398551e-02	6.398551e-02
6.760000e-01	6.800000e-01	1.423841e+00	6.196471e-02	6.196471e-02
6.800000e-01	6.840000e-01	1.423841e+00	6.196471e-02	6.196471e-02
6.840000e-01	6.880000e-01	1.175747e+00	5.630808e-02	5.630808e-02
6.880000e-01	6.920000e-01	9.492270e-01	5.059398e-02	5.059398e-02
6.920000e-01	6.960000e-01	9.546205e-01	5.073750e-02	5.073750e-02
6.960000e-01	7.000000e-01	9.492272e-01	5.059398e-02	5.059398e-02
7.000000e-01	7.040000e-01	7.496737e-01	4.496244e-02	4.496244e-02
7.040000e-01	7.080000e-01	7.281002e-01	4.431078e-02	4.431078e-02
7.080000e-01	7.120000e-01	6.525937e-01	4.195031e-02	4.195031e-02
7.120000e-01	7.160000e-01	6.094470e-01	4.053981e-02	4.053981e-02
7.160000e-01	7.200000e-01	4.773102e-01	3.587683e-02	3.587683e-02
7.200000e-01	7.240000e-01	4.045002e-01	3.302730e-02	3.302730e-02
7.240000e-01	7.280000e-01	3.802300e-01	3.202116e-02	3.202116e-02
7.280000e-01	7.320000e-01	3.451735e-01	3.050931e-02	3.050931e-02
7.320000e-01	7.360000e-01	2.723635e-01	2.710118e-02	2.710118e-02
7.360000e-01	7.400000e-01	2.696667e-01	2.696668e-02	2.696668e-02
7.400000e-01	7.440000e-01	2.022501e-01	2.335383e-02	2.335383e-02
7.440000e-01	7.480000e-01	1.725867e-01	2.157334e-02	2.157334e-02
7.480000e-01	7.520000e-01	1.914634e-01	2.272253e-02	2.272253e-02
7.520000e-01	7.560000e-01	1.240467e-01	1.828969e-02	1.828969e-02
7.560000e-01	7.600000e-01	9.438337e-02	1.595370e-02	1.595370e-02
7.600000e-01	7.640000e-01	7.820337e-02	1.452200e-02	1.452200e-02
7.640000e-01	7.680000e-01	4.854002e-02	1.144099e-02	1.144099e-02
7.680000e-01	7.720000e-01	5.663002e-02	1.235768e-02	1.235768e-02
7.720000e-01	7.760000e-01	4.584335e-02	1.111865e-02	1.111865e-02
7.760000e-01	7.800000e-01	3.236002e-02	9.341534e-03	9.341534e-03
7.800000e-01	7.840000e-01	1.887668e-02	7.134713e-03	7.134713e-03
7.840000e-01	7.880000e-01	2.427001e-02	8.090005e-03	8.090005e-03
7.880000e-01	7.920000e-01	2.427001e-02	8.090005e-03	8.090005e-03
7.920000e-01	7.960000e-01	1.348334e-02	6.029933e-03	6.029933e-03
7.960000e-01	8.000000e-01	0.000000e+00	0.000000e+00	0.000000e+00
8.000000e-01	8.040000e-01	5.393337e-03	3.813665e-03	3.813665e-03
8.040000e-01	8.080000e-01	2.696667e-03	2.696668e-03	2.696668e-03
8.080000e-01	8.120000e-01	0.000000e+00	0.000000e+00	0.000000e+00
8.120000e-01	8.160000e-01	2.696668e-03	2.696668e-03	2.696668e-03
8.160000e-01	8.200000e-01	2.696667e-03	2.696668e-03	2.696668e-03
8.200000e-01	8.240000e-01	2.696667e-03	2.696668e-03	2.696668e-03
8.240000e-01	8.280000e-01	2.696667e-03	2.696668e-03	2.696668e-03
8.280000e-01	8.320000e-01	0.000000e+00	0.000000e+00	0.000000e+00
8.320000e-01	8.360000e-01	0.000000e+00	0.000000e+00	0.000000e+00
8.360000e-01	8.400000e-01	0.000000e+00	0.000000e+00	0.000000e+00
8.400000e-01	8.440000e-01	0.000000e+00	0.000000e+00	0.000000e+00
8.440000e-01	8.480000e-01	0.000000e+00	0.000000e+00	0.000000e+00
8.480000e-01	8.520000e-01	0.000000e+00	0.000000e+00	0.000000e+00
8.520000e-01	8.560000e-01	0.000000e+00	0.000000e+00	0.000000e+00
8.560000e-01	8.600000e-01	0.000000e+00	0.000000e+00	0.000000e+00
8.600000e-01	8.640000e-01	0.000000e+00	0.000000e+00	0.000000e+00
8.640000e-01	8.680000e-01	0.000000e+00	0.000000e+00	0.000000e+00
8.680000e-01	8.720000e-01	0.000000e+00	0.000000e+00	0.000000e+00
8.720000e-01	8.760000e-01	0.000000e+00	0.000000e+00	0.000000e+00
8.760000e-01	8.800000e-01	0.000000e+00	0.000000e+00	0.000000e+00
8.800000e-01	8.840000e-01	0.000000e+00	0.000000e+00	0.000000e+00
8.840000e-01	8.880000e-01	0.000000e+00	0.000000e+00	0.000000e+00
8.880000e-01	8.920000e-01	0.000000e+00	0.000000e+00	0.000000e+00
8.920000e-01	8.960000e-01	0.000000e+00	0.000000e+00	0.000000e+00
8.960000e-01	9.000000e-01	0.000000e+00	0.000000e+00	0.000000e+00
9.000000e-01	9.040000e-01	0.000000e+00	0.000000e+00	0.000000e+00
9.040000e-01	9.080000e-01	0.000000e+00	0.000000e+00	0.000000e+00
9.080000e-01	9.120000e-01	0.000000e+00	0.000000e+00	0.000000e+00
9.120000e-01	9.160000e-01	0.000000e+00	0.000000e+00	0.000000e+00
9.160000e-01	9.200000e-01	0.000000e+00	0.000000e+00	0.000000e+00
9.200000e-01	9.240000e-01	0.000000e+00	0.000000e+00	0.000000e+00
9.240000e-01	9.280000e-01	0.000000e+00	0.000000e+00	0.000000e+00
9.280000e-01	9.320000e-01	0.000000e+00	0.000000e+00	0.000000e+00
9.320000e-01	9.360000e-01	0.000000e+00	0.000000e+00	0.000000e+00
9.360000e-01	9.400000e-01	0.000000e+00	0.000000e+00	0.000000e+00
9.400000e-01	9.440000e-01	0.000000e+00	0.000000e+00	0.000000e+00
9.440000e-01	9.480000e-01	0.000000e+00	0.000000e+00	0.000000e+00
9.480000e-01	9.520000e-01	0.000000e+00	0.000000e+00	0.000000e+00
9.520000e-01	9.560000e-01	0.000000e+00	0.000000e+00	0.000000e+00
9.560000e-01	9.600000e-01	0.000000e+00	0.000000e+00	0.000000e+00
9.600000e-01	9.640000e-01	0.000000e+00	0.000000e+00	0.000000e+00
9.640000e-01	9.680000e-01	0.000000e+00	0.000000e+00	0.000000e+00
9.680000e-01	9.720000e-01	0.000000e+00	0.000000e+00	0.000000e+00
9.720000e-01	9.760000e-01	0.000000e+00	0.000000e+00	0.000000e+00
9.760000e-01	9.800000e-01	0.000000e+00	0.000000e+00	0.000000e+00
9.800000e-01	9.840000e-01	0.000000e+00	0.000000e+00	0.000000e+00
9.840000e-01	9.880000e-01	0.000000e+00	0.000000e+00	0.000000e+00
9.880000e-01	9.920000e-01	0.000000e+00	0.000000e+00	0.000000e+00
9.920000e-01	9.960000e-01	0.000000e+00	0.000000e+00	0.000000e+00
9.960000e-01	1.000000e+00	0.000000e+00	0.000000e+00	0.000000e+00
# END HISTO1D

