# BEGIN PLOT
LegendOnly=//data/petr/main_analysis/jet-analysis/13000/13000.yoda/MC_DIJET_PB/FastJets08Pt
XLabel=$\text{P}_{\text{t}}$ [GeV]
LineColor=green
YLabel=Number of events (normalized)
DrawOnly=//data/petr/main_analysis/jet-analysis/13000/13000.yoda/MC_DIJET_PB/FastJets08Pt
Title=All jets, R = 0.8, nocut
Legend=1
LogY=0
# END PLOT

# BEGIN HISTO1D //data/petr/main_analysis/jet-analysis/13000/13000.yoda/MC_DIJET_PB/FastJets08Pt
LineColor=red
LineStyle=solid
Path=//data/petr/main_analysis/jet-analysis/13000/13000.yoda/MC_DIJET_PB/FastJets08Pt
ScaledBy=1.07866719880915143e-05
Title=13000
XLabel=
YLabel=
# xlow	 xhigh	 val	 errminus	 errplus
0.000000e+00	4.000000e+00	0.000000e+00	0.000000e+00	0.000000e+00
4.000000e+00	8.000000e+00	0.000000e+00	0.000000e+00	0.000000e+00
8.000000e+00	1.200000e+01	0.000000e+00	0.000000e+00	0.000000e+00
1.200000e+01	1.600000e+01	0.000000e+00	0.000000e+00	0.000000e+00
1.600000e+01	2.000000e+01	0.000000e+00	0.000000e+00	0.000000e+00
2.000000e+01	2.400000e+01	5.074050e-02	3.699058e-04	3.699058e-04
2.400000e+01	2.800000e+01	3.927968e-02	3.254601e-04	3.254601e-04
2.800000e+01	3.200000e+01	3.087955e-02	2.885687e-04	2.885687e-04
3.200000e+01	3.600000e+01	2.449923e-02	2.570337e-04	2.570337e-04
3.600000e+01	4.000000e+01	1.915982e-02	2.273053e-04	2.273053e-04
4.000000e+01	4.400000e+01	1.510673e-02	2.018362e-04	2.018362e-04
4.400000e+01	4.800000e+01	1.214309e-02	1.809583e-04	1.809583e-04
4.800000e+01	5.200000e+01	9.516543e-03	1.601966e-04	1.601966e-04
5.200000e+01	5.600000e+01	7.987530e-03	1.467642e-04	1.467642e-04
5.600000e+01	6.000000e+01	6.614928e-03	1.335600e-04	1.335600e-04
6.000000e+01	6.400000e+01	5.679183e-03	1.237533e-04	1.237533e-04
6.400000e+01	6.800000e+01	4.654447e-03	1.120335e-04	1.120335e-04
6.800000e+01	7.200000e+01	3.850842e-03	1.019041e-04	1.019041e-04
7.200000e+01	7.600000e+01	3.044538e-03	9.060964e-05	9.060964e-05
7.600000e+01	8.000000e+01	2.699365e-03	8.531878e-05	8.531878e-05
8.000000e+01	8.400000e+01	2.346101e-03	7.954028e-05	7.954028e-05
8.400000e+01	8.800000e+01	2.000928e-03	7.345637e-05	7.345637e-05
8.800000e+01	9.200000e+01	1.763621e-03	6.896303e-05	6.896303e-05
9.200000e+01	9.600000e+01	1.437324e-03	6.225741e-05	6.225741e-05
9.600000e+01	1.000000e+02	1.022037e-03	5.249852e-05	5.249852e-05
1.000000e+02	1.040000e+02	8.386637e-04	4.755626e-05	4.755626e-05
1.040000e+02	1.080000e+02	8.818105e-04	4.876423e-05	4.876423e-05
1.080000e+02	1.120000e+02	6.148403e-04	4.071879e-05	4.071879e-05
1.120000e+02	1.160000e+02	5.069735e-04	3.697485e-05	3.697485e-05
1.160000e+02	1.200000e+02	4.206803e-04	3.368137e-05	3.368137e-05
1.200000e+02	1.240000e+02	3.020267e-04	2.853886e-05	2.853886e-05
1.240000e+02	1.280000e+02	3.047235e-04	2.866598e-05	2.866598e-05
1.280000e+02	1.320000e+02	2.373068e-04	2.529699e-05	2.529699e-05
1.320000e+02	1.360000e+02	1.995534e-04	2.319761e-05	2.319761e-05
1.360000e+02	1.400000e+02	1.941601e-04	2.288199e-05	2.288199e-05
1.400000e+02	1.440000e+02	1.860701e-04	2.240021e-05	2.240021e-05
1.440000e+02	1.480000e+02	1.105634e-04	1.726710e-05	1.726710e-05
1.480000e+02	1.520000e+02	1.132601e-04	1.747641e-05	1.747641e-05
1.520000e+02	1.560000e+02	8.899005e-05	1.549118e-05	1.549118e-05
1.560000e+02	1.600000e+02	9.168670e-05	1.572414e-05	1.572414e-05
1.600000e+02	1.640000e+02	4.314670e-05	1.078667e-05	1.078667e-05
1.640000e+02	1.680000e+02	5.932670e-05	1.264849e-05	1.264849e-05
1.680000e+02	1.720000e+02	5.663002e-05	1.235768e-05	1.235768e-05
1.720000e+02	1.760000e+02	4.584335e-05	1.111865e-05	1.111865e-05
1.760000e+02	1.800000e+02	5.123670e-05	1.175450e-05	1.175450e-05
1.800000e+02	1.840000e+02	2.966335e-05	8.943835e-06	8.943835e-06
1.840000e+02	1.880000e+02	3.236002e-05	9.341534e-06	9.341534e-06
1.880000e+02	1.920000e+02	1.348334e-05	6.029933e-06	6.029933e-06
1.920000e+02	1.960000e+02	1.348334e-05	6.029933e-06	6.029933e-06
1.960000e+02	2.000000e+02	1.887667e-05	7.134713e-06	7.134713e-06
# END HISTO1D

