# BEGIN PLOT
LegendOnly=//data/petr/main_analysis/jet-analysis/13000/13000.yoda/MC_DIJET_PB/FastJets06PtReclust
XLabel=$\text{P}_{\text{t}}$ [GeV]
LineColor=blue
YLabel=Number of events (normalized)
DrawOnly=//data/petr/main_analysis/jet-analysis/13000/13000.yoda/MC_DIJET_PB/FastJets06PtReclust
Title=All jets, R = 0.6, nocut
Legend=1
LogY=0
# END PLOT

# BEGIN HISTO1D //data/petr/main_analysis/jet-analysis/13000/13000.yoda/MC_DIJET_PB/FastJets06PtReclust
LineColor=red
LineStyle=solid
Path=//data/petr/main_analysis/jet-analysis/13000/13000.yoda/MC_DIJET_PB/FastJets06PtReclust
ScaledBy=1.21256214380987018e-05
Title=13000
XLabel=
YLabel=
# xlow	 xhigh	 val	 errminus	 errplus
0.000000e+00	4.000000e+00	0.000000e+00	0.000000e+00	0.000000e+00
4.000000e+00	8.000000e+00	0.000000e+00	0.000000e+00	0.000000e+00
8.000000e+00	1.200000e+01	0.000000e+00	0.000000e+00	0.000000e+00
1.200000e+01	1.600000e+01	1.879471e-04	2.386931e-05	2.386931e-05
1.600000e+01	2.000000e+01	1.029465e-02	1.766558e-04	1.766558e-04
2.000000e+01	2.400000e+01	5.407420e-02	4.048714e-04	4.048714e-04
2.400000e+01	2.800000e+01	4.444343e-02	3.670505e-04	3.670505e-04
2.800000e+01	3.200000e+01	3.489752e-02	3.252515e-04	3.252515e-04
3.200000e+01	3.600000e+01	2.637020e-02	2.827344e-04	2.827344e-04
3.600000e+01	4.000000e+01	2.024979e-02	2.477606e-04	2.477606e-04
4.000000e+01	4.400000e+01	1.506608e-02	2.137087e-04	2.137087e-04
4.400000e+01	4.800000e+01	1.148902e-02	1.866223e-04	1.866223e-04
4.800000e+01	5.200000e+01	8.193890e-03	1.576039e-04	1.576039e-04
5.200000e+01	5.600000e+01	6.220445e-03	1.373197e-04	1.373197e-04
5.600000e+01	6.000000e+01	4.401600e-03	1.155121e-04	1.155121e-04
6.000000e+01	6.400000e+01	3.340610e-03	1.006317e-04	1.006317e-04
6.400000e+01	6.800000e+01	2.567600e-03	8.822379e-05	8.822379e-05
6.800000e+01	7.200000e+01	1.861283e-03	7.511526e-05	7.511526e-05
7.200000e+01	7.600000e+01	1.358069e-03	6.416276e-05	6.416276e-05
7.600000e+01	8.000000e+01	1.051898e-03	5.646882e-05	5.646882e-05
8.000000e+01	8.400000e+01	8.518247e-04	5.081562e-05	5.081562e-05
8.400000e+01	8.800000e+01	5.820298e-04	4.200438e-05	4.200438e-05
8.800000e+01	9.200000e+01	4.698677e-04	3.774069e-05	3.774069e-05
9.200000e+01	9.600000e+01	4.001455e-04	3.482819e-05	3.482819e-05
9.600000e+01	1.000000e+02	2.425124e-04	2.711372e-05	2.711372e-05
1.000000e+02	1.040000e+02	2.212926e-04	2.590034e-05	2.590034e-05
1.040000e+02	1.080000e+02	1.697587e-04	2.268496e-05	2.268496e-05
1.080000e+02	1.120000e+02	1.576331e-04	2.185977e-05	2.185977e-05
1.120000e+02	1.160000e+02	1.182248e-04	1.893112e-05	1.893112e-05
1.160000e+02	1.200000e+02	1.212562e-04	1.917229e-05	1.917229e-05
1.200000e+02	1.240000e+02	8.487935e-05	1.604069e-05	1.604069e-05
1.240000e+02	1.280000e+02	5.759670e-05	1.321359e-05	1.321359e-05
1.280000e+02	1.320000e+02	6.972232e-05	1.453811e-05	1.453811e-05
1.320000e+02	1.360000e+02	4.243967e-05	1.134248e-05	1.134248e-05
1.360000e+02	1.400000e+02	3.334545e-05	1.005404e-05	1.005404e-05
1.400000e+02	1.440000e+02	6.365950e-05	1.389165e-05	1.389165e-05
1.440000e+02	1.480000e+02	1.515703e-05	6.778428e-06	6.778428e-06
1.480000e+02	1.520000e+02	2.728265e-05	9.094215e-06	9.094215e-06
1.520000e+02	1.560000e+02	1.515703e-05	6.778428e-06	6.778428e-06
1.560000e+02	1.600000e+02	3.334545e-05	1.005404e-05	1.005404e-05
1.600000e+02	1.640000e+02	2.425124e-05	8.574111e-06	8.574111e-06
1.640000e+02	1.680000e+02	2.121984e-05	8.020345e-06	8.020345e-06
1.680000e+02	1.720000e+02	2.425124e-05	8.574111e-06	8.574111e-06
1.720000e+02	1.760000e+02	6.062810e-06	4.287055e-06	4.287055e-06
1.760000e+02	1.800000e+02	9.094215e-06	5.250548e-06	5.250548e-06
1.800000e+02	1.840000e+02	9.094215e-06	5.250548e-06	5.250548e-06
1.840000e+02	1.880000e+02	3.031405e-06	3.031405e-06	3.031405e-06
1.880000e+02	1.920000e+02	6.062810e-06	4.287055e-06	4.287055e-06
1.920000e+02	1.960000e+02	1.212562e-05	6.062810e-06	6.062810e-06
1.960000e+02	2.000000e+02	0.000000e+00	0.000000e+00	0.000000e+00
# END HISTO1D

