# BEGIN PLOT
LegendOnly=//data/petr/main_analysis/jet-analysis/13000/13000.yoda/MC_DIJET_PB/FastJets10PtLeading
XLabel=$\text{P}_{\text{t}}$ [GeV]
LineColor=green
YLabel=Number of events (normalized)
DrawOnly=//data/petr/main_analysis/jet-analysis/13000/13000.yoda/MC_DIJET_PB/FastJets10PtLeading
Title=All jets, R = 1.0, nocut
Legend=1
LogY=0
# END PLOT

# BEGIN HISTO1D //data/petr/main_analysis/jet-analysis/13000/13000.yoda/MC_DIJET_PB/FastJets10PtLeading
LineColor=red
LineStyle=solid
Path=//data/petr/main_analysis/jet-analysis/13000/13000.yoda/MC_DIJET_PB/FastJets10PtLeading
ScaledBy=1.53195661498866357e-05
Title=13000
XLabel=
YLabel=
# xlow	 xhigh	 val	 errminus	 errplus
0.000000e+00	4.000000e+00	0.000000e+00	0.000000e+00	0.000000e+00
4.000000e+00	8.000000e+00	0.000000e+00	0.000000e+00	0.000000e+00
8.000000e+00	1.200000e+01	0.000000e+00	0.000000e+00	0.000000e+00
1.200000e+01	1.600000e+01	0.000000e+00	0.000000e+00	0.000000e+00
1.600000e+01	2.000000e+01	0.000000e+00	0.000000e+00	0.000000e+00
2.000000e+01	2.400000e+01	3.705803e-02	3.767337e-04	3.767337e-04
2.400000e+01	2.800000e+01	2.970083e-02	3.372697e-04	3.372697e-04
2.800000e+01	3.200000e+01	2.571773e-02	3.138408e-04	3.138408e-04
3.200000e+01	3.600000e+01	2.129420e-02	2.855774e-04	2.855774e-04
3.600000e+01	4.000000e+01	1.806943e-02	2.630664e-04	2.630664e-04
4.000000e+01	4.400000e+01	1.525063e-02	2.416780e-04	2.416780e-04
4.400000e+01	4.800000e+01	1.316717e-02	2.245636e-04	2.245636e-04
4.800000e+01	5.200000e+01	1.106456e-02	2.058545e-04	2.058545e-04
5.200000e+01	5.600000e+01	9.406213e-03	1.898020e-04	1.898020e-04
5.600000e+01	6.000000e+01	8.647895e-03	1.819904e-04	1.819904e-04
6.000000e+01	6.400000e+01	7.525737e-03	1.697727e-04	1.697727e-04
6.400000e+01	6.800000e+01	7.004873e-03	1.637922e-04	1.637922e-04
6.800000e+01	7.200000e+01	6.189105e-03	1.539597e-04	1.539597e-04
7.200000e+01	7.600000e+01	5.239293e-03	1.416542e-04	1.416542e-04
7.600000e+01	8.000000e+01	4.871622e-03	1.365935e-04	1.365935e-04
8.000000e+01	8.400000e+01	4.025215e-03	1.241618e-04	1.241618e-04
8.400000e+01	8.800000e+01	3.630737e-03	1.179209e-04	1.179209e-04
8.800000e+01	9.200000e+01	3.240088e-03	1.113965e-04	1.113965e-04
9.200000e+01	9.600000e+01	2.876247e-03	1.049558e-04	1.049558e-04
9.600000e+01	1.000000e+02	2.454961e-03	9.696510e-05	9.696510e-05
1.000000e+02	1.040000e+02	2.029843e-03	8.817072e-05	8.817072e-05
1.040000e+02	1.080000e+02	1.466848e-03	7.495246e-05	7.495246e-05
1.080000e+02	1.120000e+02	1.574085e-03	7.764391e-05	7.764391e-05
1.120000e+02	1.160000e+02	1.248545e-03	6.915050e-05	6.915050e-05
1.160000e+02	1.200000e+02	1.045560e-03	6.328019e-05	6.328019e-05
1.200000e+02	1.240000e+02	8.349162e-04	5.654768e-05	5.654768e-05
1.240000e+02	1.280000e+02	7.506588e-04	5.361848e-05	5.361848e-05
1.280000e+02	1.320000e+02	6.702310e-04	5.066470e-05	5.066470e-05
1.320000e+02	1.360000e+02	5.936332e-04	4.768176e-05	4.768176e-05
1.360000e+02	1.400000e+02	4.595870e-04	4.195436e-05	4.195436e-05
1.400000e+02	1.440000e+02	3.676695e-04	3.752512e-05	3.752512e-05
1.440000e+02	1.480000e+02	3.485200e-04	3.653484e-05	3.653484e-05
1.480000e+02	1.520000e+02	2.719225e-04	3.227124e-05	3.227124e-05
1.520000e+02	1.560000e+02	2.527727e-04	3.111418e-05	3.111418e-05
1.560000e+02	1.600000e+02	2.183038e-04	2.891505e-05	2.891505e-05
1.600000e+02	1.640000e+02	1.953245e-04	2.735089e-05	2.735089e-05
1.640000e+02	1.680000e+02	1.761750e-04	2.597559e-05	2.597559e-05
1.680000e+02	1.720000e+02	1.148968e-04	2.097718e-05	2.097718e-05
1.720000e+02	1.760000e+02	1.072370e-04	2.026588e-05	2.026588e-05
1.760000e+02	1.800000e+02	7.659782e-05	1.712780e-05	1.712780e-05
1.800000e+02	1.840000e+02	1.263864e-04	2.200105e-05	2.200105e-05
1.840000e+02	1.880000e+02	1.187267e-04	2.132394e-05	2.132394e-05
1.880000e+02	1.920000e+02	6.127825e-05	1.531957e-05	1.531957e-05
1.920000e+02	1.960000e+02	5.744838e-05	1.483311e-05	1.483311e-05
1.960000e+02	2.000000e+02	3.446902e-05	1.148967e-05	1.148967e-05
# END HISTO1D

