# BEGIN PLOT
LegendOnly=//data/petr/main_analysis/jet-analysis/13000/13000.yoda/MC_DIJET_PB/FastJets02PtReclust
XLabel=$\text{P}_{\text{t}}$ [GeV]
LineColor=green
YLabel=Number of events (normalized)
DrawOnly=//data/petr/main_analysis/jet-analysis/13000/13000.yoda/MC_DIJET_PB/FastJets02PtReclust
Title=All jets, R = 0.2, nocut
Legend=1
LogY=0
# END PLOT

# BEGIN HISTO1D //data/petr/main_analysis/jet-analysis/13000/13000.yoda/MC_DIJET_PB/FastJets02PtReclust
LineColor=red
LineStyle=solid
Path=//data/petr/main_analysis/jet-analysis/13000/13000.yoda/MC_DIJET_PB/FastJets02PtReclust
ScaledBy=4.78102887741441960e-05
Title=13000
XLabel=
YLabel=
# xlow	 xhigh	 val	 errminus	 errplus
0.000000e+00	4.000000e+00	0.000000e+00	0.000000e+00	0.000000e+00
4.000000e+00	8.000000e+00	0.000000e+00	0.000000e+00	0.000000e+00
8.000000e+00	1.200000e+01	0.000000e+00	0.000000e+00	0.000000e+00
1.200000e+01	1.600000e+01	0.000000e+00	0.000000e+00	0.000000e+00
1.600000e+01	2.000000e+01	6.024097e-03	2.683346e-04	2.683346e-04
2.000000e+01	2.400000e+01	6.705393e-02	8.952468e-04	8.952468e-04
2.400000e+01	2.800000e+01	4.105710e-02	7.005268e-04	7.005268e-04
2.800000e+01	3.200000e+01	3.322815e-02	6.302079e-04	6.302079e-04
3.200000e+01	3.600000e+01	2.725187e-02	5.707275e-04	5.707275e-04
3.600000e+01	4.000000e+01	2.003251e-02	4.893261e-04	4.893261e-04
4.000000e+01	4.400000e+01	1.424747e-02	4.126668e-04	4.126668e-04
4.400000e+01	4.800000e+01	9.956495e-03	3.449720e-04	3.449720e-04
4.800000e+01	5.200000e+01	7.075922e-03	2.908187e-04	2.908187e-04
5.200000e+01	5.600000e+01	5.545993e-03	2.574663e-04	2.574663e-04
5.600000e+01	6.000000e+01	3.872633e-03	2.151463e-04	2.151463e-04
6.000000e+01	6.400000e+01	3.442340e-03	2.028419e-04	2.028419e-04
6.400000e+01	6.800000e+01	2.641518e-03	1.776878e-04	1.776878e-04
6.800000e+01	7.200000e+01	1.482119e-03	1.330982e-04	1.330982e-04
7.200000e+01	7.600000e+01	1.386498e-03	1.287332e-04	1.287332e-04
7.600000e+01	8.000000e+01	1.159399e-03	1.177192e-04	1.177192e-04
8.000000e+01	8.400000e+01	8.725377e-04	1.021228e-04	1.021228e-04
8.400000e+01	8.800000e+01	5.617710e-04	8.194270e-05	8.194270e-05
8.800000e+01	9.200000e+01	4.900555e-04	7.653380e-05	7.653380e-05
9.200000e+01	9.600000e+01	3.705298e-04	6.654910e-05	6.654910e-05
9.600000e+01	1.000000e+02	2.749090e-04	5.732252e-05	5.732252e-05
1.000000e+02	1.040000e+02	2.749090e-04	5.732253e-05	5.732253e-05
1.040000e+02	1.080000e+02	1.673360e-04	4.472243e-05	4.472243e-05
1.080000e+02	1.120000e+02	2.031937e-04	4.928172e-05	4.928172e-05
1.120000e+02	1.160000e+02	1.912412e-04	4.781029e-05	4.781029e-05
1.160000e+02	1.200000e+02	8.366800e-05	3.162354e-05	3.162354e-05
1.200000e+02	1.240000e+02	1.314783e-04	3.964220e-05	3.964220e-05
1.240000e+02	1.280000e+02	1.434309e-04	4.140492e-05	4.140492e-05
1.280000e+02	1.320000e+02	1.314783e-04	3.964220e-05	3.964220e-05
1.320000e+02	1.360000e+02	3.585773e-05	2.070246e-05	2.070246e-05
1.360000e+02	1.400000e+02	2.390514e-05	1.690349e-05	1.690349e-05
1.400000e+02	1.440000e+02	5.976285e-05	2.672677e-05	2.672677e-05
1.440000e+02	1.480000e+02	4.781030e-05	2.390514e-05	2.390514e-05
1.480000e+02	1.520000e+02	3.585773e-05	2.070246e-05	2.070246e-05
1.520000e+02	1.560000e+02	8.366800e-05	3.162354e-05	3.162354e-05
1.560000e+02	1.600000e+02	3.585773e-05	2.070246e-05	2.070246e-05
1.600000e+02	1.640000e+02	3.585773e-05	2.070246e-05	2.070246e-05
1.640000e+02	1.680000e+02	2.390514e-05	1.690349e-05	1.690349e-05
1.680000e+02	1.720000e+02	4.781030e-05	2.390514e-05	2.390514e-05
1.720000e+02	1.760000e+02	3.585773e-05	2.070246e-05	2.070246e-05
1.760000e+02	1.800000e+02	1.195257e-05	1.195257e-05	1.195257e-05
1.800000e+02	1.840000e+02	1.195257e-05	1.195257e-05	1.195257e-05
1.840000e+02	1.880000e+02	3.585773e-05	2.070246e-05	2.070246e-05
1.880000e+02	1.920000e+02	0.000000e+00	0.000000e+00	0.000000e+00
1.920000e+02	1.960000e+02	0.000000e+00	0.000000e+00	0.000000e+00
1.960000e+02	2.000000e+02	0.000000e+00	0.000000e+00	0.000000e+00
# END HISTO1D

